1
5
8
10
11
13
14
18
20
22
25
27
28
34
35
38
39
40
42
45
48
57
58
62
66
68
69
72
75
78
80
82
84
89
90
92
93
101
105
107
109
110
112
116
119
121
126
128
139
144
157
161
165
169
172
173
174
175
176
180
186
187
188
190
205
206
207
210
213
221
225
227
228
229
231
233
235
236
238
239
240
242
244
245
247
250
251
252
253
254
256
257
259
268
272
274
277
279
282
283
290
294
296
300
301
302
306
310
312
314
316
318
320
322
323
327
329
330
337
354
357
358
359
363
365
366
367
371
377
380
385
396
397
401
407
411
415
416
419
421
422
425
427
428
430
431
434
435
437
438
439
440
442
445
446
449
451
486
487
489
492
495
511
516
520
521
523
524
525
526
527
528
530
535
536
538
543
544
547
548
549
551
552
559
564
565
568
569
571
575
576
577
580
581
584
585
587
588
594
600
603
604
606
607
608
609
611
612
614
615
616
617
618
619
621
622
623
624
626
630
632
633
634
635
636
637
638
639
640
641
642
646
648
656
657
662
667
670
673
675
676
681
682
683
687
690
710
720
722
725
729
737
745
753
755
763
764
765
766
769
770
773
775
777
778
780
781
782
784
788
789
791
793
794
796
798
799
800
802
803
804
805
807
808
809
810
811
815
817
818
819
823
827
828
831
832
835
838
840
842
844
845
847
850
851
852
854
856
857
860
861
864
867
869
870
872
873
877
878
879
880
881
883
886
888
889
892
893
894
895
896
898
899
901
903
904
905
906
907
908
911
912
914
916
918
919
920
921
922
924
925
926
927
928
930
934
936
937
938
939
940
941
943
944
945
946
947
949
950
951
952
953
957
961
962
966
967
970
976
993
997
999
1001
1009
1011
1012
1014
1015
1019
1020
1022
1030
1031
1033
1034
1036
1039
1040
1043
1044
1047
1048
1049
1055
1056
1057
1062
1064
1068
1078
1097
1098
1101
1104
1107
1110
1111
1114
1123
1127
1134
1135
1136
1137
1141
1147
1151
1157
1163
1164
1167
1178
1179
1180
1181
1182
1183
1190
1192
1202
1204
1209
1213
1217
1219
1234
1235
1243
1245
1253
1256
1257
1258
1263
1267
1269
1270
1274
1276
1277
1283
1285
1290
1296
1298
1303
1305
1307
1359
1360
1361
1366
1367
1368
1369
1370
1371
1372
1373
1375
1376
1378
1379
1384
1386
1387
1391
1396
1405
1406
1407
1410
1416
1452
1455
1466
1467
1476
1484
1498
1513
1523
1528
1533
1534
1537
1538
1539
1541
1542
1547
1549
1550
1551
1553
1555
1556
1560
1568
1570
1571
1573
1574
1575
1576
1577
1578
1579
1580
1582
1584
1585
1593
1594
1595
1597
1600
1606
1609
1611
1613
1614
1615
1621
1622
1623
1626
1628
1629
1630
1631
1632
1634
1638
1639
1643
1645
1647
1652
1653
1656
1657
1659
1660
1661
1663
1665
1666
1668
1671
1672
1673
1674
1678
1679
1680
1688
1689
1690
1694
1697
1698
1700
1701
1702
1703
1706
1707
1708
1709
1710
1714
1715
1717
1727
1729
1733
1734
1736
1739
1741
1743
1752
1753
1754
1763
1764
1768
1773
1778
1780
1788
1789
1791
1796
1802
1808
1810
1816
1818
1820
1827
1828
1829
1831
1834
1839
1847
1848
1853
1854
1857
1863
1872
1874
1878
1880
1882
1884
1890
1891
1892
1894
1895
1896
1897
1899
1903
1907
1908
1912
1914
1918
1919
1922
1923
1925
1939
1947
1948
1952
1958
1967
1971
1986
1988
1989
2002
2020
2021
2022
2023
2024
2026
2030
2033
2034
2035
2041
2043
2045
2050
2052
2053
2055
2056
2057
2059
2061
2065
2067
2068
2069
2070
2072
2073
2077
2078
2088
2089
2090
2099
2100
2101
2104
2108
2110
2113
2114
2115
2116
2117
2120
2124
2128
2130
2152
2157
2166
2168
2171
2176
2181
2182
2185
2196
2197
2198
2199
2202
2203
2204
2209
2218
2220
2225
2229
2230
2233
2234
2241
2243
2244
2245
2249
2251
2252
2253
2255
2258
2260
2284
2294
2295
2296
2297
2309
2310
2313
2318
2320
2332
2334
2337
2338
2339
2341
2347
2355
2361
2363
2370
2378
2379
2384
2387
2389
2390
2393
2394
2395
2396
2397
2399
2400
2401
2408
2410
2413
2414
2415
2417
2419
2423
2425
2426
2427
2428
2430
2431
2435
2441
2442
2444
2445
2446
2447
2450
2452
2453
2454
2455
2456
2462
2466
2467
2468
2471
2481
2482
2487
2488
2497
2505
2506
2515
2520
2535
2536
2549
2556
2564
2569
2570
2575
2577
2578
2579
2580
2584
2585
2587
2589
2590
2591
2592
2595
2596
2598
2603
2606
2610
2611
2614
2615
2616
2619
2621
2623
2625
2627
2631
2632
2634
2636
2641
2642
2644
2645
2647
2648
2649
2665
2666
2667
2668
2669
2672
2673
2674
2677
2678
2681
2683
2684
2691
2693
2695
2698
2705
2706
2712
2713
2715
2717
2718
2719
2726
2727
2728
2730
2735
2736
2738
2739
2741
2743
2745
2747
2748
2749
2750
2752
2753
2755
2756
2757
2759
2761
2763
2764
2765
2766
2769
2774
2778
2780
2781
2782
2784
2802
2804
2807
2808
2810
2811
2813
2817
2818
2823
2828
2829
2833
2842
2843
2844
2845
2847
2848
2852
2854
2855
2857
2862
2864
2865
2867
2869
2870
2871
2872
2876
2881
2901
2906
2913
2916
2917
2918
2919
2920
2922
2928
2929
2935
2946
2950
2954
2960
2961
2966
2967
2971
2977
2979
2994
2995
2996
3005
3006
3007
3020
3021
3042
3059
3064
3065
3070
3071
3072
3078
3080
3082
3083
3088
3092
3095
3102
3104
3106
3110
3112
3113
3114
3117
3118
3119
3130
3172
3173
3180
3182
3183
3184
3187
3188
3189
3193
3194
3197
3200
3203
3204
3207
3219
3220
3224
3227
3233
3255
3256
3263
3269
3272
3277
3281
3283
3311
3317
3336
3342
3345
3346
3347
3350
3353
3356
3363
3364
3365
3367
3369
3370
3382
3384
3387
3388
3394
3395
3396
3397
3398
3407
3408
3410
3418
3422
3426
3427
3431
3436
3439
3440
3442
3443
3444
3445
3446
3452
3457
3459
3463
3465
3470
3471
3477
3478
3480
3481
3484
3491
3492
3493
3494
3504
3506
3512
3513
3514
3517
3518
3520
3521
3523
3524
3525
3529
3530
3532
3535
3545
3547
3548
3549
3551
3555
3556
3557
3559
3564
3566
3571
3585
3587
3593
3599
3613
3616
3617
3620
3622
3632
3636
3637
3639
3643
3645
3648
3650
3656
3659
3669
3679
3692
3697
3705
3706
3709
3710
3713
3717
3720
3721
3722
3724
3725
3726
3728
3729
3731
3733
3734
3737
3741
3742
3759
3777
3784
3787
3799
3801
3803
3806
3807
3816
3820
3831
3832
3837
3844
3853
3856
3862
3863
3869
3870
3873
3875
3877
3880
3881
3882
3886
3888
3891
3893
3901
3912
3914
3917
3922
3926
3928
3930
3937
3938
3942
3957
3970
3974
3979
3980
3984
3985
3986
3989
3995
3999
4003
4009
4012
4013
4014
4015
4024
4042
4043
4044
4045
4051
4062
4065
4066
4067
4070
4073
4104
4108
4110
4111
4112
4132
4134
4135
4136
4140
4142
4143
4145
4149
4151
4153
4154
4156
4159
4161
4163
4164
4176
4177
4186
4193
4198
4200
4201
4205
4207
4210
4213
4216
4223
4229
4230
4231
4234
4236
4239
4240
4242
4244
4247
4252
4253
4255
4256
4260
4261
4263
4264
4266
4267
4268
4270
4281
4284
4291
4295
4312
4314
4315
4318
4323
4325
4326
4338
4340
4349
4374
4378
4382
4383
4388
4397
4398
4402
4404
4409
4417
4422
4423
4425
4428
4429
4431
4433
4434
4435
4436
4437
4439
4442
4445
4446
4448
4451
4457
4458
4462
4467
4468
4470
4476
4478
4481
4483
4484
4488
4489
4497
4498
4501
4505
4506
4507
4508
4513
4523
4526
4531
4532
4533
4535
4536
4537
4542
4543
4545
4548
4550
4551
4553
4554
4556
4559
4564
4566
4569
4571
4573
4574
4577
4586
4593
4594
4595
4596
4598
4617
4618
4622
4625
4627
4629
4630
4637
4640
4641
4645
4648
4649
4656
4659
4661
4662
4664
4665
4672
4676
4678
4679
4680
4681
4683
4684
4685
4686
4690
4710
4713
4720
4732
4742
4743
4744
4757
4764
4767
4772
4774
4779
4780
4781
4791
4796
4797
4798
4803
4810
4815
4816
4820
4821
4834
4872
4874
4875
4877
4886
4888
4890
4905
4918
4924
4926
4928
4931
4987
4988
4991
4994
4996
4999
5000
5003
5004
5005
5007
5008
5012
5014
5017
5019
5020
5022
5033
5039
5040
5041
5065
5080
5081
5092
5097
5110
5126
5141
5150
5156
5158
5161
5162
5167
5169
5170
5173
5178
5180
5181
5184
5188
5192
5195
5197
5201
5202
5204
5205
5206
5207
5208
5210
5213
5220
5222
5224
5226
5232
5234
5236
5239
5240
5241
5250
5251
5254
5256
5257
5259
5260
5261
5262
5264
5273
5280
5281
5284
5285
5286
5287
5291
5292
5295
5296
5306
5307
5308
5316
5317
5318
5319
5320
5324
5328
5330
5331
5332
5337
5338
5339
5342
5344
5345
5346
5349
5360
5361
5364
5367
5368
5369
5370
5371
5377
5378
5380
5381
5384
5408
5418
5422
5424
5431
5436
5438
5442
5447
5452
5456
5457
5458
5459
5460
5462
5464
5470
5472
5473
5475
5502
5508
5511
5512
5519
5523
5525
5526
5527
5531
5534
5535
5536
5539
5540
5545
5546
5547
5550
5552
5553
5554
5556
5557
5568
5571
5575
5583
5588
5594
5602
5603
5613
5614
5615
5616
5618
5629
5646
5652
5656
5660
5663
5667
5669
5672
5675
5677
5678
5679
5680
5683
5684
5689
5690
5692
5693
5694
5695
5696
5698
5700
5706
5712
5714
5717
5724
5736
5740
5745
5746
5747
5750
5756
5758
5788
5794
5796
5798
5799
5802
5803
5808
5809
5810
5813
5817
5823
5824
5826
5827
5833
5835
5838
5843
5856
5871
5872
5874
5879
5880
5881
5884
5924
5925
5926
5930
5941
5944
5946
5947
5952
5957
5959
5966
5967
5968
5973
5976
5982
5990
5991
5993
5997
6005
6008
6011
6017
6021
6022
6024
6026
6028
6033
6035
6036
6037
6042
6046
6050
6053
6054
6056
6057
6059
6061
6069
6071
6074
6075
6076
6077
6078
6079
6080
6083
6086
6089
6091
6092
6100
6103
6105
6106
6109
6113
6133
6137
6139
6152
6175
6181
6201
6210
6211
6212
6213
6214
6216
6217
6221
6230
6234
6236
6237
6238
6239
6241
6243
6245
6247
6249
6251
6255
6260
6261
6264
6272
6273
6274
6276
6286
6292
6293
6297
6298
6300
6302
6305
6306
6312
6313
6318
6319
6320
6321
6323
6326
6327
6334
6340
6341
6345
6347
6353
6354
6356
6357
6358
6364
6366
6367
6378
6381
6382
6383
6384
6385
6389
6391
6392
6399
6400
6403
6407
6408
6409
6411
6412
6416
6419
6431
6433
6436
6437
6439
6441
6443
6444
6457
6468
6470
6473
6475
6478
6479
6486
6489
6490
6493
6494
6498
6502
6504
6544
6545
6546
6551
6556
6557
6558
6563
6569
6571
6572
6578
6579
6580
6584
6586
6594
6603
6604
6605
6623
6625
6626
6629
6637
6642
6657
6669
6687
6689
6691
6698
6710
6712
6713
6720
6730
6732
6733
6734
6738
6740
6742
6745
6748
6796
6801
6802
6806
6808
6809
6810
6812
6817
6826
6829
6830
6847
6849
6853
6855
6876
6881
6897
6906
6915
6916
6922
6951
6952
6964
6980
6984
6991
6993
6995
7000
7001
7002
7009
7010
7015
7018
7021
7022
7024
7026
7035
7036
7037
7038
7040
7046
7050
7053
7055
7057
7063
7064
7065
7072
7073
7074
7076
7079
7087
7089
7094
7096
7098
7099
7102
7105
7111
7112
7119
7120
7122
7133
7139
7140
7144
7145
7147
7149
7151
7152
7154
7156
7159
7170
7174
7175
7182
7183
7187
7194
7200
7202
7214
7215
7222
7224
7226
7232
7242
7243
7245
7247
7250
7258
7259
7265
7269
7270
7271
7272
7274
7278
7289
7294
7295
7304
7309
7310
7314
7318
7319
7322
7323
7325
7328
7333
7334
7335
7336
7337
7339
7341
7343
7344
7345
7347
7349
7357
7361
7364
7365
7366
7368
7369
7370
7371
7372
7373
7378
7389
7393
7400
7407
7408
7427
7429
7430
7432
7435
7436
7442
7458
7466
7469
7485
7487
7492
7493
7494
7497
7498
7503
7504
7505
7507
7508
7509
7510
7512
7513
7521
7523
7528
7531
7538
7539
7540
7545
7554
7558
7559
7568
7570
7576
7589
7596
7602
7604
7608
7610
7611
7613
7614
7615
7618
7622
7623
7627
7637
7639
7640
7645
7649
7651
7652
7656
7657
7660
7662
7667
7675
7679
7683
7685
7686
7687
7690
7691
7694
7696
7699
7705
7706
7707
7735
7736
7738
7740
7741
7743
7755
7758
7761
7763
7769
7770
7779
7782
7784
7791
7797
7804
7807
7819
7820
7821
7822
7825
7830
7832
7836
7838
7840
7841
7843
7844
7845
7849
7851
7852
7855
7860
7864
7867
7868
7870
7871
7872
7873
7876
7883
7884
7888
7889
7890
7891
7892
7894
7897
7899
7901
7906
7909
7910
7912
7915
7923
7924
7926
7929
7934
7946
7950
7951
7960
7962
7995
8008
8009
8010
8025
8026
8029
8030
8034
8035
8037
8044
8045
8050
8051
8052
8053
8054
8058
8059
8061
8063
8064
8065
8068
8073
8076
8078
8079
8085
8087
8088
8092
8094
8098
8100
8106
8107
8109
8112
8114
8123
8125
8131
8132
8133
8134
8135
8137
8139
8141
8143
8149
8154
8156
8159
8162
8163
8164
8165
8167
8171
8173
8175
8176
8178
8185
8188
8190
8192
8198
8203
8206
8207
8210
8211
8212
8214
8215
8217
8220
8221
8225
8249
8250
8253
8254
8255
8257
8276
8282
8283
8286
8287
8289
8290
8291
8293
8302
8303
8307
8309
8310
8312
8316
8317
8356
8365
8370
8371
8373
8387
8393
8394
8399
8413
8418
8419
8424
8430
8437
8439
8447
8448
8474
8482
8502
8514
8516
8519
8529
8534
8539
8544
8546
8553
8554
8559
8598
8615
8617
8619
8620
8622
8624
8627
8628
8631
8632
8636
8637
8641
8643
8645
8660
8661
8668
8723
8725
8760
8766
8773
8782
8784
8788
8789
8792
8794
8798
8807
8809
8810
8812
8814
8815
8829
8830
8831
8832
8833
8834
8835
8836
8840
8841
8847
8848
8849
8851
8854
8861
8862
8866
8867
8869
8878
8879
8882
8883
8885
8887
8889
8893
8895
8897
8901
8904
8905
8908
8909
8912
8913
8916
8917
8919
8921
8922
8924
8925
8926
8930
8934
8941
8943
8948
8953
8954
8955
8956
8958
8959
8960
8961
8963
8965
8966
8967
8973
8974
8976
8984
8986
8990
8991
8992
8995
8996
8999
9000
9003
9004
9013
9021
9025
9040
9043
9055
9059
9061
9064
9070
9072
9084
9087
9088
9089
9096
9099
9104
9112
9121
9133
9134
9139
9144
9147
9149
9152
9154
9155
9158
9159
9162
9168
9170
9175
9184
9189
9194
9195
9219
9222
9223
9225
9234
9242
9243
9244
9246
9255
9256
9273
9276
9279
9285
9299
9304
9305
9308
9310
9312
9314
9316
9317
9319
9322
9326
9327
9331
9336
9340
9342
9348
9360
9375
9378
9379
9380
9384
9386
9406
9412
9414
9422
9424
9427
9429
9430
9441
9442
9453
9466
9471
9473
9481
9484
9485
9486
9488
9503
9504
9507
9508
9510
9520
9530
9549
9551
9552
9555
9559
9580
9586
9592
9597
9598
9601
9605
9609
9620
9621
9628
9630
9631
9634
9635
9636
9640
9644
9649
9650
9652
9656
9657
9658
9659
9664
9665
9666
9669
9670
9673
9674
9675
9681
9682
9683
9684
9686
9687
9693
9695
9698
9700
9701
9702
9704
9705
9706
9708
9709
9714
9715
9718
9721
9729
9733
9736
9738
9740
9741
9751
9760
9765
9766
9767
9786
9787
9796
9805
9819
9838
9839
9841
9842
9844
9846
9849
9851
9857
9859
9861
9862
9864
9866
9869
9872
9873
9875
9878
9879
9881
9889
9892
9894
9897
9899
9912
9915
9917
9921
9926
9927
9931
9932
9937
9938
9943
9946
9947
9950
9951
9954
9955
9957
9959
9963
9968
9970
9972
9976
9980
9982
9984
9992
9993
9997
9998
9999
10000
10001
10010
10011
10018
10019
10020
10021
10028
10032
10034
10035
10036
10037
10039
10044
10060
10061
10063
10065
10067
10069
10072
10075
10079
10082
10084
10085
10088
10090
10097
10099
10100
10104
10107
10116
10117
10118
10120
10123
10126
10127
10129
10132
10137
10153
10155
10164
10170
10173
10184
10185
10187
10190
10191
10204
10207
10210
10220
10222
10232
10233
10235
10238
10239
10245
10259
10262
10281
10312
10317
10327
10328
10330
10336
10338
10343
10358
10364
10368
10370
10436
10438
10441
10442
10443
10444
10445
10446
10448
10452
10454
10457
10475
10477
10478
10481
10483
10489
10517
10522
10534
10546
10558
10580
10584
10595
10603
10608
10612
10617
10621
10622
10623
10624
10625
10626
10629
10643
10644
10647
10650
10652
10659
10662
10663
10664
10668
10675
10677
10678
10680
10681
10682
10683
10691
10692
10693
10699
10701
10705
10706
10709
10712
10715
10717
10722
10723
10726
10727
10728
10730
10731
10733
10738
10740
10743
10748
10749
10757
10758
10760
10764
10766
10767
10768
10769
10770
10771
10772
10774
10776
10777
10780
10782
10783
10784
10787
10788
10791
10795
10797
10803
10808
10809
10811
10813
10819
10820
10824
10843
10848
10851
10855
10857
10858
10860
10863
10868
10869
10873
10875
10878
10887
10890
10898
10901
10902
10908
10910
10912
10918
10925
10929
10932
10937
10941
10948
10953
10958
10961
10965
10969
10972
10973
10974
10982
10983
10985
10988
10990
10995
10996
10997
10998
11006
11008
11009
11019
11027
11033
11034
11035
11056
11057
11058
11059
11060
11062
11066
11070
11072
11073
11087
11090
11097
11100
11103
11104
11109
11111
11113
11116
11117
11118
11122
11123
11125
11128
11129
11130
11131
11134
11135
11136
11139
11150
11153
11167
11174
11177
11178
11187
11188
11197
11198
11200
11201
11208
11236
11246
11248
11249
11250
11251
11255
11269
11279
11281
11285
11292
11295
11299
11300
11302
11306
11311
11315
11319
11320
11321
11323
11329
11337
11356
11363
11366
11368
11383
11393
11394
11398
11403
11408
11409
11412
11414
11416
11420
11424
11426
11447
11448
11454
11458
11459
11460
11464
11466
11468
11470
11471
11472
11473
11480
11484
11485
11488
11489
11495
11496
11498
11499
11500
11504
11505
11507
11514
11516
11520
11522
11523
11525
11527
11528
11536
11539
11551
11570
11579
11589
11590
11591
11605
11607
11641
11646
11648
11649
11654
11657
11658
11659
11662
11663
11665
11672
11673
11677
11678
11679
11681
11682
11683
11684
11685
11686
11687
11689
11690
11691
11692
11693
11694
11700
11701
11706
11707
11711
11712
11714
11715
11716
11722
11724
11726
11728
11729
11734
11735
11738
11739
11742
11743
11744
11756
11757
11760
11761
11762
11763
11777
11778
11779
11781
11782
11784
11785
11788
11790
11791
11795
11796
11797
11804
11805
11806
11807
11808
11810
11812
11824
11827
11831
11832
11836
11844
11848
11850
11855
11858
11874
11875
11881
11882
11884
11885
11889
11893
11901
11903
11913
11914
11915
11916
11917
11919
11920
11921
11922
11930
11931
11932
11934
11936
11940
11946
11969
11973
11981
11992
11993
11995
11998
11999
12001
12010
12011
12012
12013
12014
12015
12017
12023
12024
12026
12028
12031
12033
12034
12044
12047
12065
12086
12089
12134
12136
12139
12156
12158
12160
12162
12167
12174
12182
12183
12185
12186
12187
12189
12219
12242
12245
12250
12252
12254
12255
12256
12258
12261
12262
12264
12271
12274
12276
12277
12289
12291
12295
12297
12339
12352
12353
12401
12409
12414
12416
12417
12422
12423
12426
12431
12432
12434
12435
12440
12454
12456
12457
12458
12459
12461
12463
12464
12468
12469
12471
12472
12474
12476
12477
12478
12490
12491
12492
12494
12495
12499
12506
12512
12513
12517
12519
12522
12526
12529
12531
12536
12540
12544
12552
12554
12557
12565
12571
12572
12573
12574
12575
12583
12584
12585
12586
12587
12589
12590
12591
12593
12594
12595
12597
12599
12601
12602
12604
12618
12619
12623
12624
12625
12627
12657
12662
12673
12682
12687
12689
12695
12697
12711
12712
12713
12714
12715
12721
12726
12727
12738
12739
12740
12741
12742
12762
12767
12775
12776
12782
12783
12787
12790
12795
12796
12800
12809
12810
12811
12844
12845
12847
12867
12869
12875
12885
12896
12898
12902
12904
12908
12916
12921
12922
12927
12933
12934
12940
12943
12944
12945
12948
12950
12954
12956
12958
12960
12968
12972
12983
12984
12992
13000
13002
13009
13012
13013
13034
13040
13042
13043
13051
13055
13059
13062
13063
13064
13066
13069
13071
13073
13075
13080
13082
13084
13085
13095
13108
13109
13112
13113
13122
13128
13133
13134
13135
13139
13147
13177
13181
13182
13186
13187
13195
13197
13211
13212
13221
13222
13223
13232
13245
13248
13249
13253
13258
13261
13263
13266
13267
13268
13271
13272
13277
13278
13281
13282
13285
13286
13292
13293
13298
13299
13301
13309
13310
13312
13313
13314
13317
13319
13321
13329
13330
13331
13333
13334
13335
13336
13337
13338
13339
13340
13342
13345
13347
13349
13350
13352
13353
13363
13366
13376
13378
13379
13382
13393
13395
13401
13402
13403
13415
13423
13428
13429
13435
13447
13448
13454
13455
13464
13465
13467
13468
13472
13476
13477
13479
13484
13492
13493
13495
13496
13499
13500
13501
13503
13504
13505
13506
13507
13508
13510
13512
13515
13517
13521
13525
13526
13528
13532
13537
13538
13541
13548
13549
13553
13557
13558
13560
13561
13566
13567
13574
13575
13576
13579
13580
13584
13586
13590
13591
13592
13596
13598
13599
13601
13603
13604
13609
13610
13619
13620
13624
13628
13634
13636
13638
13639
13641
13644
13646
13650
13655
13656
13662
13663
13664
13665
13672
13688
13689
13690
13696
13698
13699
13700
13702
13709
13710
13716
13728
13731
13732
13735
13740
13746
13748
13750
13753
13783
13792
13794
13796
13801
13802
13806
13808
13813
13817
13818
13821
13826
13835
13838
13841
13847
13848
13851
13858
13861
13868
13879
13880
13882
13886
13888
13890
13899
13922
13927
13942
13943
13945
13951
13956
13967
13968
13971
13972
13976
13986
13988
13990
13996
13998
13999
14035
14059
14064
14066
14069
14070
14075
14076
14079
14087
14089
14090
14091
14103
14109
14111
14113
14117
14148
14153
14169
14181
14188
14215
14220
14231
14234
14235
14239
14245
14248
14249
14250
14251
14252
14257
14258
14266
14270
14272
14273
14274
14276
14278
14282
14283
14290
14292
14293
14295
14303
14304
14305
14307
14308
14309
14312
14320
14326
14330
14332
14336
14340
14343
14344
14345
14349
14350
14354
14355
14357
14358
14361
14367
14368
14384
14386
14388
14394
14397
14400
14401
14402
14403
14404
14405
14407
14412
14413
14414
14416
14431
14432
14433
14437
14438
14439
14441
14448
14452
14455
14456
14459
14471
14472
14476
14478
14494
14497
14501
14502
14503
14505
14506
14509
14512
14515
14516
14517
14518
14520
14521
14525
14531
14545
14547
14550
14553
14560
14561
14563
14567
14576
14578
14585
14586
14588
14589
14590
14593
14594
14595
14597
14600
14601
14602
14604
14610
14615
14618
14621
14623
14625
14648
14673
14686
14688
14691
14693
14694
14696
14699
14700
14710
14715
14723
14726
14728
14730
14735
14736
14737
14742
14743
14745
14746
14754
14756
14758
14759
14761
14762
14763
14764
14765
14767
14768
14772
14774
14794
14795
14814
14824
14832
14834
14845
14853
14854
14857
14867
14868
14874
14876
14883
14895
14896
14899
14900
14912
14913
14914
14918
14921
14926
14929
14941
14944
14948
14949
14950
14952
14953
14954
14957
14964
15007
15010
15025
15037
15050
15053
15062
15063
15071
15074
15075
15076
15077
15078
15080
15081
15082
15086
15087
15088
15091
15092
15094
15095
15097
15099
15105
15107
15108
15112
15114
15116
15118
15119
15122
15123
15126
15127
15129
15131
15132
15136
15143
15144
15147
15149
15150
15151
15153
15154
15156
15159
15161
15178
15179
15185
15190
15194
15198
15203
15207
15208
15214
15215
15218
15250
15259
15261
15276
15279
15286
15289
15291
15298
15302
15305
15306
15307
15312
15314
15316
15317
15318
15319
15320
15321
15326
15329
15335
15339
15340
15343
15344
15346
15356
15363
15365
15366
15371
15373
15382
15384
15389
15390
15391
15393
15397
15399
15405
15407
15408
15412
15415
15418
15420
15424
15425
15430
15433
15440
15441
15445
15452
15454
15461
15476
15477
15478
15479
15481
15485
15502
15503
15505
15509
15512
15513
15515
15529
15530
15531
15532
15533
15540
15542
15544
15546
15547
15555
15558
15560
15562
15565
15573
15579
15581
15595
15597
15598
15606
15614
15615
15627
15632
15637
15640
15647
15656
15661
15662
15675
15686
15692
15693
15695
15697
15700
15701
15707
15740
15755
15759
15762
15779
15785
15786
15789
15793
15796
15802
15810
15812
15815
15822
15870
15871
15872
15877
15878
15883
15884
15885
15886
15888
15894
15902
15917
15918
15942
15944
15962
15976
15978
15984
15986
16010
16023
16027
16029
16043
16045
16063
16065
16068
16071
16072
16080
16083
16084
16086
16089
16092
16093
16097
16102
16104
16106
16110
16116
16117
16119
16122
16123
16124
16127
16131
16134
16135
16138
16140
16142
16143
16146
16150
16152
16154
16155
16157
16159
16162
16163
16164
16166
16169
16172
16175
16182
16183
16189
16194
16197
16200
16201
16211
16212
16214
16219
16220
16221
16222
16225
16226
16230
16232
16244
16245
16248
16251
16252
16255
16262
16266
16268
16285
16309
16312
16313
16315
16317
16318
16326
16328
16332
16335
16339
16340
16341
16342
16343
16345
16363
16376
16382
16389
16390
16395
16399
16403
16405
16407
16409
16415
16416
16418
16424
16428
16429
16439
16444
16454
16474
16482
16497
16498
16499
16500
16515
16528
16534
16543
16544
16559
16561
16562
16564
16566
16567
16570
16571
16572
16573
16577
16579
16580
16581
16583
16594
16595
16602
16603
16616
16628
16637
16641
16642
16659
16676
16679
16683
16685
16687
16688
16689
16690
16693
16694
16697
16699
16702
16703
16710
16711
16713
16722
16724
16732
16733
16737
16739
16744
16748
16756
16757
16761
16762
16765
16776
16777
16778
16806
16810
16811
16814
16821
16830
16841
16843
16848
16851
16862
16865
16876
16877
16878
16886
16889
16890
16892
16894
16895
16896
16897
16898
16899
16900
16901
16904
16905
16910
16911
16913
16918
16922
16928
16929
16932
16936
16937
16938
16940
16942
16943
16944
16946
16952
16957
16959
16962
16963
16964
16965
16967
16969
16970
16973
16974
16975
16993
16994
16996
17004
17005
17013
17028
17031
17043
17045
17061
17077
17078
17081
17090
17091
17096
17099
17102
17105
17107
17112
17117
17120
17121
17123
17125
17128
17129
17131
17132
17134
17135
17137
17140
17143
17145
17148
17153
17155
17156
17157
17160
17162
17166
17171
17173
17177
17178
17180
17195
17199
17201
17203
17204
17207
17210
17211
17213
17219
17220
17223
17224
17226
17229
17234
17237
17239
17244
17247
17248
17256
17266
17269
17290
17291
17292
17293
17294
17295
17316
17317
17322
17325
17326
17327
17331
17337
17338
17339
17344
17345
17355
17356
17357
17358
17359
17360
17372
17374
17376
17379
17382
17383
17386
17388
17395
17408
17411
17418
17420
17423
17427
17441
17445
17459
17460
17469
17473
17475
17476
17477
17478
17488
17489
17491
17507
17518
17520
17524
17532
17552
17573
17588
17592
17599
17604
17606
17611
17613
17615
17616
17623
17626
17684
17687
17692
17698
17705
17731
17737
17741
17743
17800
17850
17851
17852
17854
17858
17859
17860
17862
17863
17864
17865
17873
17876
17877
17878
17879
17880
17883
17884
17886
17887
17895
17898
17899
17900
17901
17903
17905
17906
17907
17910
17911
17914
17915
17918
17920
17922
17923
17924
17931
17932
17933
17935
17941
17948
17949
17952
17954
17955
17957
17959
17961
17962
17964
17968
17971
17973
17977
17980
17982
17985
17989
17992
17995
17996
17997
18014
18019
18029
18031
18032
18033
18034
18035
18038
18039
18041
18043
18044
18046
18050
18059
18060
18065
18067
18069
18074
18076
18077
18085
18099
18100
18110
18127
18129
18134
18140
18142
18157
18158
18163
18174
18175
18178
18185
18188
18189
18192
18203
18204
18207
18213
18219
18221
18222
18223
18224
18225
18227
18228
18229
18232
18234
18239
18243
18249
18250
18253
18266
18279
18285
18290
18313
18314
18316
18339
18347
18352
18358
18367
18369
18373
18374
18376
18377
18382
18384
18387
18389
18391
18392
18393
18394
18396
18397
18408
18442
18449
18453
18456
18472
18485
18495
18497
18504
18505
18506
18507
18509
18511
18513
18523
18524
18525
18528
18530
18537
18544
18545
18547
18549
18551
18556
18561
18567
18576
18577
18578
18580
18589
18590
18591
18620
18624
18625
18639
18640
18644
18662
18664
18665
18673
18675
18678
18679
18690
18691
18695
18702
18709
18710
18714
18716
18719
18721
18723
18725
18727
18728
18729
18731
18733
18734
18735
18736
18740
18742
18743
18749
18750
18751
18752
18754
18755
18757
18758
18761
18765
18769
18773
18774
18775
18776
18778
18779
18780
18781
18784
18787
18804
18806
18807
18811
18817
18818
18822
18835
18836
18839
18846
18863
18895
18897
18904
18906
18907
18910
18912
18920
18930
18934
18935
18937
18938
18939
18942
18945
18947
18948
18949
18951
18959
18961
18962
18963
18965
18967
18969
18971
18972
18974
18977
18978
18980
18981
18985
18988
18994
18995
18998
19002
19004
19010
19012
19015
19016
19020
19026
19028
19033
19034
19035
19040
19044
19046
19047
19051
19052
19054
19061
19065
19067
19068
19070
19071
19072
19074
19085
19086
19087
19088
19102
19104
19105
19108
19130
19139
19145
19146
19152
19157
19161
19162
19168
19169
19170
19172
19173
19186
19188
19195
19196
19223
19225
19243
19248
19255
19261
19266
19269
19274
19289
19291
19295
19305
19319
19329
19330
19332
19346
19366
19384
19390
19392
19397
19398
19400
19410
19413
19414
19417
19418
19424
19427
19430
19438
19440
19498
19506
19508
19513
19517
19519
19520
19530
19533
19551
19552
19606
19614
19629
19670
19672
19673
19677
19680
19682
19688
19690
19691
19692
19693
19696
19698
19713
19714
19715
19717
19718
19719
19721
19722
19724
19729
19732
19733
19736
19746
19749
19750
19754
19755
19759
19762
19763
19767
19768
19770
19771
19772
19774
19777
19781
19782
19787
19789
19792
19794
19796
19800
19803
19806
19810
19819
19820
19829
19831
19835
19840
19842
19843
19846
19847
19855
19859
19876
19880
19881
19883
19891
19894
19897
19899
19913
19914
19925
19926
19927
19935
19937
19943
19947
19951
19964
19969
19971
19972
19976
19977
19979
19984
19987
19992
19995
20009
20021
20022
20028
20030
20031
20032
20035
20036
20038
20040
20041
20044
20051
20053
20061
20064
20067
20068
20070
20083
20098
20125
20126
20128
20139
20142
20157
20161
20166
20170
20182
20183
20184
20185
20187
20190
20195
20197
20198
20200
20201
20202
20204
20207
20210
20213
20215
20240
20256
20261
20265
20266
20267
20268
20270
20274
20286
20287
20307
20308
20311
20312
20316
20318
20319
20320
20324
20337
20338
20342
20355
20356
20361
20364
20365
20367
20370
20371
20384
20386
20389
20391
20392
20393
20394
20396
20399
20433
20434
20436
20448
20450
20453
20467
20472
20474
20478
20479
20488
20504
20514
20523
20528
20530
20533
20534
20535
20539
20543
20548
20549
20554
20556
20557
20559
20560
20561
20562
20563
20569
20575
20581
20582
20583
20586
20587
20588
20591
20592
20595
20596
20601
20612
20615
20617
20618
20621
20624
20625
20643
20645
20647
20656
20660
20661
20676
20692
20704
20706
20720
20721
20722
20726
20730
20746
20747
20748
20749
20755
20756
20757
20760
20763
20765
20773
20774
20775
20777
20781
20783
20788
20790
20796
20799
20801
20804
20805
20806
20808
20809
20811
20820
20825
20826
20830
20833
20841
20844
20847
20848
20852
20854
20856
20857
20860
20866
20867
20869
20871
20872
20873
20875
20876
20881
20882
20884
20886
20895
20897
20898
20899
20900
20912
20913
20918
20919
20920
20923
20939
20942
20943
20944
20953
20954
20955
20956
20959
20966
20971
20972
20983
20984
20986
20995
21002
21004
21010
21011
21016
21036
21059
21069
21091
21096
21103
21105
21113
21114
21119
21129
21134
21144
21151
21156
21168
21170
21173
21198
21199
21212
21214
21224
21234
21243
21244
21246
21254
21257
21312
21313
21322
21327
21337
21341
21347
21360
21404
21408
21413
21425
21428
21434
21457
21482
21486
21487
21490
21496
21504
21510
21511
21512
21513
21515
21522
21526
21527
21528
21529
21531
21533
21534
21535
21536
21544
21550
21552
21560
21561
21562
21563
21566
21567
21569
21573
21574
21576
21577
21582
21585
21587
21588
21599
21600
21601
21603
21604
21608
21610
21613
21614
21617
21623
21632
21642
21645
21649
21654
21656
21659
21660
21661
21663
21665
21666
21671
21674
21687
21693
21694
21695
21699
21705
21706
21713
21720
21728
21729
21735
21739
21742
21754
21757
21759
21763
21767
21781
21785
21787
21788
21791
21798
21805
21811
21827
21830
21833
21841
21849
21851
21853
21855
21862
21863
21871
21872
21873
21878
21879
21880
21881
21882
21887
21893
21894
21905
21915
21918
21921
21933
21941
21954
21957
21975
21978
21991
21997
21998
21999
22001
22003
22007
22010
22012
22013
22014
22015
22018
22019
22021
22023
22025
22026
22034
22039
22041
22048
22055
22067
22071
22081
22084
22104
22112
22125
22133
22141
22153
22156
22168
22169
22175
22184
22188
22203
22204
22206
22207
22213
22245
22250
22262
22263
22284
22289
22310
22319
22330
22334
22341
22342
22347
22348
22349
22350
22354
22355
22362
22366
22368
22370
22372
22378
22380
22386
22387
22389
22392
22393
22394
22398
22400
22402
22404
22405
22406
22407
22409
22412
22415
22428
22429
22430
22432
22435
22436
22443
22446
22448
22466
22469
22472
22489
22506
22524
22532
22533
22534
22535
22539
22542
22560
22562
22563
22565
22567
22568
22570
22571
22573
22574
22575
22577
22578
22579
22587
22588
22589
22590
22600
22603
22608
22613
22617
22619
22620
22623
22625
22636
22638
22640
22641
22644
22645
22649
22652
22661
22662
22665
22666
22668
22674
22681
22682
22686
22687
22689
22690
22691
22695
22696
22699
22706
22710
22711
22712
22713
22714
22732
22733
22734
22736
22739
22742
22743
22757
22758
22762
22767
22768
22769
22779
22782
22798
22800
22805
22811
22814
22815
22816
22817
22827
22829
22859
22860
22864
22867
22868
22870
22871
22873
22877
22882
22897
22898
22907
22917
22918
22928
22930
22957
22967
22968
22971
22980
22982
22987
23015
23018
23028
23030
23031
23034
23052
23058
23064
23071
23072
23082
23116
23136
23141
23143
23156
23161
23162
23166
23174
23205
23216
23242
23250
23263
23278
23279
23301
23307
23308
23310
23316
23319
23320
23321
23322
23325
23326
23340
23341
23343
23345
23346
23347
23348
23350
23361
23364
23366
23372
23375
23379
23381
23382
23385
23388
23389
23390
23391
23394
23396
23398
23399
23400
23401
23406
23409
23410
23411
23412
23413
23417
23418
23421
23424
23427
23428
23431
23432
23437
23438
23439
23445
23456
23458
23459
23466
23467
23468
23470
23471
23474
23475
23477
23478
23480
23481
23485
23486
23488
23490
23494
23507
23509
23518
23520
23522
23524
23538
23543
23545
23553
23556
23565
23571
23573
23584
23588
23591
23596
23597
23598
23599
23610
23611
23616
23617
23618
23619
23622
23634
23645
23665
23668
23674
23677
23678
23681
23682
23684
23687
23688
23693
23694
23695
23696
23698
23723
23728
23732
23747
23755
23756
23757
23760
23761
23790
23792
23794
23797
23798
23802
23806
23809
23810
23815
23816
23817
23821
23822
23823
23824
23826
23829
23830
23834
23835
23837
23840
23845
23846
23847
23849
23862
23864
23868
23875
23885
23891
23893
23895
23898
23902
23927
23935
23939
23944
23946
23947
23953
23955
23957
23959
23966
23967
23970
23977
23979
23982
23987
23989
23997
23998
24000
24011
24016
24017
24019
24020
24027
24031
24032
24054
24061
24062
24064
24067
24068
24101
24105
24107
24113
24117
24148
24149
24150
24151
24155
24161
24162
24164
24165
24166
24171
24175
24176
24182
24183
24184
24192
24193
24194
24197
24199
24200
24201
24202
24208
24210
24212
24213
24214
24215
24217
24218
24219
24220
24221
24226
24227
24230
24246
24257
24261
24262
24276
24278
24286
24304
24311
24315
24320
24331
24337
24342
24347
24356
24368
24370
24374
24375
24376
24377
24378
24379
24381
24385
24387
24388
24389
24391
24398
24399
24401
24403
24406
24410
24414
24416
24420
24422
24433
24434
24436
24437
24443
24447
24451
24457
24458
24466
24475
24476
24478
24481
24482
24486
24488
24496
24503
24504
24510
24512
24513
24518
24519
24522
24523
24525
24527
24529
24531
24543
24546
24547
24548
24551
24557
24567
24570
24571
24574
24578
24581
24582
24583
24586
24587
24591
24594
24596
24600
24612
24614
24621
24628
24629
24630
24635
24638
24639
24643
24644
24654
24661
24664
24674
24681
24682
24685
24690
24692
24694
24702
24714
24723
24724
24728
24731
24733
24734
24736
24741
24742
24745
24755
24761
24762
24764
24766
24768
24771
24774
24776
24781
24791
24800
24815
24829
24838
24841
24845
24852
24855
24860
24864
24869
24872
24880
24885
24886
24904
24940
24941
24943
24947
24950
24953
24954
24955
24974
24987
24988
24989
24990
24991
24994
24996
25002
25007
25026
25027
25048
25052
25056
25058
25076
25082
25085
25090
25108
25110
25114
25115
25116
25124
25131
25135
25136
25141
25154
25155
25156
25157
25158
25159
25161
25163
25165
25175
25176
25177
25178
25180
25188
25189
25193
25195
25197
25202
25203
25204
25205
25209
25210
25212
25214
25215
25220
25221
25224
25226
25229
25237
25242
25244
25246
25249
25252
25253
25254
25263
25270
25272
25276
25280
25281
25282
25284
25285
25289
25290
25291
25295
25298
25299
25302
25315
25318
25321
25322
25334
25347
25349
25355
25359
25360
25367
25382
25385
25387
25389
25398
25400
25408
25411
25412
25414
25418
25419
25422
25425
25440
25443
25451
25461
25465
25470
25472
25473
25477
25479
25485
25491
25492
25495
25496
25501
25502
25503
25508
25509
25511
25514
25521
25553
25557
25558
25560
25565
25567
25570
25573
25583
25603
25609
25616
25629
25631
25637
25638
25640
25641
25643
25645
25647
25648
25649
25650
25651
25652
25653
25654
25657
25659
25660
25663
25667
25669
25671
25676
25694
25695
25699
25701
25703
25711
25712
25720
25735
25741
25749
25760
25767
25780
25781
25787
25793
25797
25798
25800
25807
25811
25812
25818
25831
25833
25834
25843
25846
25853
25857
25865
25878
25885
25903
25917
25918
25921
25923
25934
25935
25938
25953
25962
25964
25969
25971
25972
25975
25976
25979
25980
25982
25990
25992
25995
25998
25999
26005
26006
26007
26008
26010
26011
26014
26029
26030
26033
26034
26035
26038
26040
26043
26048
26063
26067
26093
26095
26098
26106
26107
26133
26151
26161
26164
26167
26168
26170
26175
26182
26184
26189
26190
26191
26192
26193
26194
26195
26197
26198
26201
26205
26206
26208
26215
26217
26218
26226
26227
26228
26232
26234
26249
26250
26251
26253
26256
26257
26258
26259
26265
26266
26267
26268
26269
26272
26273
26274
26275
26279
26280
26286
26288
26289
26290
26294
26295
26296
26298
26299
26300
26304
26306
26308
26309
26310
26313
26316
26318
26322
26323
26326
26327
26338
26339
26341
26342
26345
26347
26356
26357
26360
26361
26362
26386
26388
26393
26394
26397
26413
26414
26424
26426
26428
26431
26435
26441
26444
26452
26454
26463
26496
26506
26507
26511
26533
26535
26543
26545
26556
26557
26559
26582
26590
26599
26620
26623
26628
26641
26642
26655
26658
26669
26680
26683
26684
26686
26696
26699
26754
26761
26762
26766
26767
26770
26772
26773
26784
26789
26801
26805
26807
26810
26869
26899
26904
26906
26923
26934
26938
26943
26946
26948
26949
26950
26952
26954
26955
26956
26969
26971
26980
26984
26987
26989
26992
26993
27003
27005
27009
27016
27017
27018
27019
27023
27026
27028
27030
27034
27038
27039
27040
27041
27046
27051
27052
27055
27056
27058
27059
27061
27064
27065
27066
27086
27087
27088
27094
27095
27097
27098
27099
27101
27103
27105
27107
27109
27111
27112
27113
27121
27130
27134
27142
27145
27146
27149
27158
27160
27180
27181
27192
27196
27201
27203
27205
27212
27215
27228
27229
27235
27236
27239
27251
27252
27262
27265
27280
27286
27292
27294
27295
27296
27299
27302
27305
27308
27309
27311
27316
27323
27324
27329
27338
27340
27356
27375
27386
27392
27397
27413
27418
27419
27420
27421
27426
27427
27428
27438
27441
27443
27445
27448
27450
27455
27457
27459
27460
27462
27463
27464
27466
27467
27468
27477
27484
27508
27522
27523
27526
27529
27530
27563
27566
27569
27570
27571
27574
27593
27594
27595
27596
27598
27625
27632
27634
27641
27642
27646
27647
27648
27693
27694
27704
27713
27724
27727
27735
27742
27748
27749
27753
27756
27768
27772
27778
27789
27803
27804
27806
27810
27812
27813
27818
27820
27821
27822
27824
27826
27827
27828
27830
27834
27836
27839
27840
27844
27847
27848
27849
27854
27855
27862
27867
27870
27877
27883
27891
27920
27928
27935
27944
27948
27974
27977
27978
27981
27982
27989
28001
28003
28004
28006
28007
28008
28009
28012
28013
28015
28017
28031
28037
28039
28040
28041
28042
28050
28052
28054
28063
28067
28068
28079
28081
28083
28086
28090
28091
28094
28097
28098
28103
28104
28109
28110
28112
28114
28119
28121
28124
28127
28130
28135
28136
28140
28146
28150
28153
28154
28164
28167
28168
28171
28174
28175
28176
28177
28179
28180
28202
28207
28210
28230
28238
28241
28249
28256
28258
28261
28263
28267
28268
28302
28304
28313
28318
28336
28339
28342
28344
28351
28355
28356
28359
28360
28361
28370
28373
28375
28390
28400
28424
28451
28453
28456
28459
28462
28469
28479
28483
28485
28487
28494
28495
28498
28499
28500
28510
28512
28513
28536
28568
28576
28585
28596
28597
28600
28604
28615
28618
28619
28622
28673
28674
28693
28741
28742
28743
28752
28755
28757
28764
28766
28784
28786
28788
28789
28792
28795
28798
28802
28803
28804
28805
28808
28815
28816
28821
28822
28823
28831
28832
28833
28836
28838
28839
28840
28841
28842
28843
28844
28848
28849
28853
28854
28859
28862
28865
28866
28867
28869
28873
28875
28879
28880
28881
28886
28888
28898
28899
28900
28901
28906
28908
28909
28910
28911
28914
28916
28918
28919
28920
28927
28928
28929
28935
28936
28941
28943
28945
28947
28948
28951
28956
28959
28969
28980
28983
28988
28995
29011
29015
29026
29036
29037
29038
29041
29042
29047
29053
29062
29075
29080
29087
29090
29091
29093
29101
29103
29107
29108
29110
29119
29120
29123
29125
29130
29131
29136
29137
29139
29168
29176
29197
29213
29236
29237
29239
29248
29250
29252
29254
29255
29257
29262
29266
29268
29271
29272
29273
29275
29276
29277
29280
29281
29282
29289
29291
29322
29325
29327
29331
29340
29344
29347
29350
29361
29378
29383
29386
29387
29388
29399
29408
29412
29416
29435
29439
29440
29442
29455
29456
29458
29460
29468
29508
29510
29521
29546
29548
29549
29550
29553
29559
29579
29586
29590
29594
29598
29599
29601
29602
29603
29605
29610
29618
29623
29624
29625
29627
29635
29636
29640
29641
29642
29643
29644
29648
29650
29651
29653
29654
29656
29658
29659
29660
29662
29663
29665
29666
29669
29671
29673
29676
29691
29692
29705
29711
29715
29729
29730
29744
29775
29780
29784
29785
29792
29794
29796
29800
29810
29815
29818
29819
29820
29823
29826
29827
29829
29830
29843
29845
29846
29855
29860
29868
29872
29873
29876
29878
29882
29887
29892
29893
29895
29896
29900
29904
29905
29908
29911
29918
29921
29922
29923
29924
29928
29930
29937
29938
29941
29943
29944
29946
29951
29953
29959
29962
29965
29967
29968
29977
29981
29985
29988
29989
29990
29993
29998
30000
30012
30014
30016
30021
30034
30037
30042
30045
30051
30054
30056
30060
30069
30070
30085
30163
30171
30175
30183
30184
30187
30191
30214
30216
30239
30250
30270
30275
30283
30284
30286
30291
30298
30301
30302
30308
30309
30310
30313
30316
30322
30324
30327
30328
30332
30356
30382
30383
30386
30389
30390
30392
30396
30401
30430
30432
30433
30435
30438
30473
30490
30491
30496
30498
30506
30523
30526
30533
30544
30555
30556
30560
30561
30566
30574
30576
30578
30582
30583
30584
30591
30596
30597
30599
30603
30604
30605
30607
30615
30616
30617
30620
30632
30637
30645
30646
30647
30650
30651
30652
30654
30655
30658
30663
30665
30679
30680
30681
30683
30691
30693
30696
30699
30700
30713
30722
30723
30725
30726
30727
30728
30733
30734
30737
30738
30739
30741
30750
30759
30760
30762
30763
30764
30771
30773
30789
30791
30809
30812
30825
30828
30829
30831
30848
30853
30856
30861
30866
30877
30879
30891
30894
30898
30901
30907
30917
30923
30924
30927
30930
30934
30936
30941
30945
30947
30950
30951
30965
30986
31011
31016
31044
31051
31066
31070
31073
31075
31076
31078
31080
31082
31083
31085
31087
31088
31089
31090
31091
31095
31101
31105
31107
31108
31111
31112
31114
31130
31136
31137
31141
31147
31155
31158
31183
31191
31194
31195
31201
31202
31208
31211
31222
31223
31226
31236
31239
31241
31253
31264
31269
31270
31272
31277
31278
31327
31332
31333
31337
31352
31361
31364
31386
31388
31396
31400
31402
31404
31408
31412
31413
31417
31421
31422
31424
31427
31432
31438
31439
31440
31446
31447
31448
31449
31450
31454
31456
31463
31465
31468
31469
31470
31472
31473
31474
31476
31479
31480
31481
31485
31487
31505
31509
31513
31518
31535
31542
31544
31559
31560
31579
31592
31593
31599
31600
31601
31606
31609
31629
31630
31631
31632
31640
31642
31644
31658
31660
31669
31678
31681
31684
31689
31692
31693
31695
31699
31702
31706
31708
31710
31714
31718
31719
31731
31732
31735
31736
31737
31740
31742
31743
31744
31748
31750
31751
31753
31755
31758
31759
31763
31765
31768
31776
31778
31779
31781
31782
31786
31804
31805
31807
31814
31828
31829
31830
31834
31849
31852
31856
31866
31868
31871
31873
31883
31884
31886
31894
31895
31921
31929
31930
31932
31933
31951
31952
31954
31973
31987
31990
31998
32001
32024
32027
32057
32064
32079
32080
32081
32082
32084
32087
32100
32111
32116
32125
32127
32128
32131
32136
32139
32142
32143
32196
32197
32201
32204
32205
32206
32209
32211
32243
32244
32245
32246
32249
32251
32252
32258
32280
32298
32301
32315
32334
32341
32342
32350
32368
32370
32374
32378
32379
32380
32386
32391
32392
32404
32405
32406
32410
32411
32412
32413
32414
32417
32419
32423
32429
32431
32436
32442
32444
32448
32449
32458
32459
32460
32461
32464
32465
32466
32467
32468
32470
32471
32477
32478
32479
32480
32489
32493
32494
32495
32497
32501
32507
32509
32510
32516
32526
32527
32528
32529
32531
32533
32536
32540
32542
32545
32546
32548
32555
32565
32571
32572
32576
32578
32583
32585
32588
32593
32594
32595
32605
32616
32634
32639
32641
32643
32647
32657
32670
32671
32673
32675
32681
32682
32685
32688
32696
32706
32729
32731
32735
32737
32738
32744
32748
32749
32750
32753
32754
32756
32759
32764
32765
32767
32773
32793
32802
32824
32825
32851
32870
32872
32879
32880
32885
32890
32892
32894
32897
32901
32903
32905
32906
32919
32922
32945
32955
32959
32962
32963
32964
32967
32969
32978
33000
33005
33008
33011
33014
33025
33028
33035
33036
33037
33040
33043
33045
33049
33052
33067
33070
33076
33086
33090
33091
33096
33136
33149
33150
33151
33162
33173
33177
33187
33190
33196
33202
33220
33227
33229
33231
33233
33236
33238
33239
33245
33246
33247
33251
33252
33254
33256
33260
33261
33262
33263
33264
33266
33268
33269
33271
33272
33273
33277
33282
33283
33286
33287
33288
33289
33290
33291
33293
33294
33295
33297
33301
33305
33316
33322
33327
33330
33333
33349
33354
33363
33367
33409
33418
33420
33424
33428
33435
33442
33443
33446
33448
33455
33458
33460
33464
33474
33475
33479
33482
33484
33492
33496
33503
33506
33522
33524
33525
33528
33529
33533
33536
33539
33542
33546
33550
33551
33557
33558
33560
33561
33562
33564
33566
33569
33570
33572
33574
33577
33581
33582
33587
33590
33592
33594
33597
33601
33602
33607
33614
33618
33621
33625
33642
33651
33652
33653
33663
33664
33670
33675
33679
33681
33682
33683
33684
33685
33697
33698
33700
33703
33705
33708
33709
33711
33735
33744
33747
33772
33793
33794
33801
33802
33803
33808
33815
33832
33833
33835
33836
33844
33850
33869
33896
33900
33904
33930
33934
33939
33941
33942
33946
33949
33950
33953
33956
34010
34011
34017
34018
34019
34025
34027
34030
34038
34043
34057
34058
34059
34060
34061
34064
34065
34066
34071
34104
34109
34115
34117
34120
34125
34146
34149
34160
34167
34183
34184
34185
34188
34189
34193
34194
34199
34204
34205
34206
34211
34218
34223
34224
34225
34227
34232
34233
34234
34236
34245
34247
34257
34258
34259
34260
34266
34267
34271
34273
34275
34276
34279
34281
34282
34283
34284
34286
34291
34292
34297
34300
34304
34307
34309
34315
34319
34320
34321
34322
34331
34341
34343
34345
34350
34352
34355
34357
34358
34361
34364
34369
34379
34387
34390
34392
34397
34398
34407
34408
34419
34420
34425
34435
34436
34438
34439
34447
34448
34455
34456
34457
34460
34463
34475
34478
34480
34481
34483
34484
34496
34499
34504
34508
34512
34530
34545
34546
34552
34557
34558
34559
34564
34565
34567
34573
34578
34579
34608
34614
34626
34634
34638
34639
34648
34669
34671
34676
34683
34686
34690
34696
34697
34698
34699
34701
34710
34715
34718
34719
34720
34721
34722
34729
34732
34733
34735
34747
34769
34773
34778
34781
34783
34802
34806
34814
34820
34821
34828
34843
34850
34851
34857
34861
34862
34864
34865
34867
34870
34882
34887
34890
34894
34899
34900
34901
34902
34904
34907
34910
34915
34944
34952
34961
34964
34983
34987
34988
34989
34991
34999
35000
35004
35005
35014
35033
35036
35037
35040
35041
35044
35047
35052
35053
35054
35059
35060
35065
35068
35069
35070
35071
35074
35076
35077
35078
35080
35081
35082
35086
35092
35095
35096
35097
35100
35101
35102
35103
35104
35105
35108
35110
35114
35115
35119
35126
35132
35141
35147
35153
35163
35168
35169
35171
35217
35235
35239
35242
35255
35259
35260
35262
35265
35271
35272
35286
35287
35291
35293
35296
35297
35298
35299
35303
35315
35323
35337
35338
35339
35346
35353
35359
35369
35370
35372
35374
35378
35384
35387
35392
35395
35396
35397
35400
35401
35404
35408
35409
35410
35414
35419
35420
35423
35425
35432
35433
35439
35455
35458
35461
35480
35482
35487
35494
35498
35499
35500
35501
35505
35511
35512
35513
35514
35518
35523
35528
35544
35558
35560
35566
35580
35581
35592
35601
35609
35611
35615
35617
35618
35622
35625
35629
35634
35644
35647
35667
35684
35689
35710
35718
35742
35744
35755
35824
35832
35833
35841
35844
35866
35872
35874
35916
35923
35935
35938
35949
35982
35991
36000
36005
36006
36007
36008
36011
36013
36016
36020
36025
36026
36032
36038
36040
36041
36045
36046
36047
36050
36058
36059
36060
36061
36062
36064
36071
36072
36074
36076
36078
36079
36083
36085
36087
36088
36089
36090
36093
36095
36097
36099
36108
36116
36121
36124
36129
36135
36136
36137
36141
36147
36154
36155
36156
36157
36164
36165
36166
36168
36169
36170
36171
36175
36176
36184
36194
36201
36204
36205
36206
36211
36213
36221
36222
36233
36234
36238
36243
36254
36260
36261
36262
36263
36268
36270
36271
36278
36291
36292
36293
36298
36300
36306
36326
36330
36333
36334
36346
36360
36366
36373
36379
36387
36388
36389
36390
36392
36393
36396
36409
36415
36418
36434
36451
36452
36467
36469
36485
36486
36500
36514
36521
36524
36525
36527
36529
36532
36533
36534
36546
36547
36548
36572
36579
36589
36590
36592
36595
36597
36614
36621
36628
36631
36632
36637
36644
36653
36663
36664
36665
36671
36674
36689
36691
36695
36696
36700
36709
36711
36713
36714
36715
36716
36717
36718
36719
36720
36727
36729
36737
36762
36766
36778
36786
36790
36801
36803
36810
36813
36814
36819
36820
36828
36847
36850
36854
36855
36856
36859
36863
36864
36866
36867
36873
36875
36884
36885
36886
36887
36888
36889
36890
36892
36896
36900
36906
36911
36912
36913
36915
36916
36917
36918
36919
36921
36922
36923
36927
36931
36933
36934
36938
36950
36954
36961
36962
36967
36970
36978
36979
37002
37015
37018
37030
37054
37074
37076
37078
37086
37093
37107
37109
37112
37113
37119
37129
37131
37134
37137
37150
37157
37159
37160
37161
37162
37164
37166
37167
37172
37174
37177
37178
37183
37184
37185
37186
37192
37193
37194
37197
37199
37202
37204
37208
37209
37210
37211
37212
37215
37217
37219
37220
37222
37223
37237
37246
37247
37250
37253
37254
37256
37268
37270
37276
37289
37291
37296
37307
37308
37310
37312
37315
37319
37321
37325
37326
37327
37328
37333
37336
37337
37340
37346
37367
37374
37389
37394
37396
37406
37409
37420
37423
37424
37432
37436
37442
37461
37463
37464
37474
37494
37514
37524
37532
37536
37539
37543
37548
37557
37566
37569
37570
37572
37578
37583
37584
37585
37638
37639
37645
37646
37651
37659
37674
37685
37687
37691
37692
37693
37732
37738
37747
37759
37771
37802
37805
37810
37816
37818
37821
37822
37823
37825
37827
37829
37830
37832
37834
37839
37840
37852
37854
37855
37859
37860
37861
37870
37871
37873
37875
37876
37878
37886
37887
37888
37890
37893
37902
37903
37906
37909
37911
37912
37914
37917
37926
37934
37935
37937
37938
37943
37947
37948
37950
37954
37955
37969
37975
37978
37979
37980
37982
37983
37984
37986
37987
37988
37990
37992
37993
38004
38018
38019
38034
38035
38037
38039
38048
38052
38053
38066
38084
38089
38093
38096
38104
38107
38111
38120
38121
38128
38144
38163
38171
38174
38175
38180
38185
38195
38205
38206
38207
38208
38209
38211
38229
38240
38253
38267
38270
38293
38296
38299
38304
38310
38318
38320
38323
38324
38325
38326
38328
38332
38334
38336
38338
38339
38340
38341
38343
38345
38346
38347
38348
38351
38357
38361
38368
38371
38386
38396
38398
38399
38403
38411
38417
38419
38446
38447
38451
38458
38461
38471
38478
38479
38485
38490
38493
38495
38496
38497
38498
38503
38504
38509
38511
38515
38531
38532
38538
38543
38574
38592
38604
38619
38627
38629
38635
38652
38657
38658
38660
38661
38662
38664
38673
38676
38677
38678
38681
38687
38689
38694
38697
38698
38702
38704
38706
38707
38714
38720
38722
38726
38729
38732
38737
38745
38747
38764
38767
38769
38772
38775
38790
38808
38812
38826
38829
38844
38863
38870
38885
38886
38888
38889
38898
38899
38904
38907
38911
38915
38921
38922
38926
38938
38939
38941
38945
38946
38951
38964
38965
38966
38970
38971
38972
38973
38988
38991
38992
38994
38997
39000
39006
39008
39011
39013
39021
39022
39023
39029
39037
39051
39059
39060
39061
39063
39079
39081
39083
39085
39088
39090
39105
39112
39114
39121
39122
39124
39125
39128
39133
39139
39141
39142
39150
39159
39160
39161
39162
39176
39186
39188
39212
39217
39223
39230
39242
39244
39246
39249
39250
39256
39257
39302
39304
39337
39343
39356
39365
39376
39379
39383
39384
39393
39394
39395
39396
39398
39460
39461
39462
39465
39468
39469
39471
39483
39487
39488
39501
39503
39505
39554
39557
39558
39577
39606
39609
39627
39636
39646
39648
39649
39651
39664
39665
39666
39669
39670
39673
39674
39675
39679
39681
39686
39689
39699
39701
39704
39705
39706
39714
39715
39716
39717
39720
39721
39722
39723
39724
39726
39732
39733
39736
39744
39749
39750
39751
39752
39757
39758
39763
39764
39765
39766
39769
39773
39782
39783
39791
39792
39793
39794
39798
39800
39804
39805
39806
39809
39811
39829
39830
39832
39833
39834
39841
39862
39866
39867
39871
39898
39899
39907
39913
39916
39924
39926
39927
39940
39952
39953
39962
39967
39972
39973
39988
39990
39991
39994
40000
40005
40009
40012
40016
40019
40020
40022
40045
40046
40081
40113
40114
40116
40120
40122
40124
40130
40142
40146
40150
40152
40155
40157
40159
40162
40172
40175
40181
40182
40195
40208
40217
40218
40219
40220
40224
40225
40260
40261
40265
40272
40273
40278
40281
40285
40297
40304
40305
40308
40310
40321
40324
40329
40332
40334
40336
40337
40343
40346
40349
40354
40390
40394
40405
40423
40442
40455
40466
40472
40475
40476
40481
40482
40483
40484
40487
40495
40509
40511
40516
40518
40519
40520
40527
40534
40538
40540
40541
40543
40545
40546
40549
40550
40555
40556
40572
40575
40583
40589
40591
40605
40610
40611
40625
40626
40630
40643
40654
40658
40666
40667
40669
40699
40700
40702
40704
40705
40710
40711
40712
40713
40714
40728
40735
40738
40740
40748
40749
40750
40753
40755
40757
40759
40760
40764
40766
40771
40778
40783
40785
40788
40789
40792
40805
40806
40808
40810
40816
40817
40822
40823
40825
40827
40829
40833
40836
40838
40843
40847
40850
40856
40873
40874
40877
40878
40881
40899
40900
40905
40908
40919
40931
40942
40947
40953
40954
40955
40956
40964
40965
40970
40990
41002
41009
41020
41036
41043
41059
41060
41063
41064
41077
41086
41125
41135
41153
41157
41171
41173
41181
41186
41190
41192
41194
41197
41198
41199
41202
41266
41274
41275
41276
41281
41283
41298
41302
41317
41321
41330
41344
41375
41376
41378
41436
41438
41439
41448
41450
41452
41458
41460
41462
41463
41479
41480
41481
41483
41487
41488
41489
41502
41504
41513
41514
41515
41516
41518
41519
41520
41529
41530
41531
41536
41537
41538
41539
41540
41541
41546
41550
41559
41561
41563
41564
41565
41576
41577
41578
41580
41582
41587
41597
41598
41604
41605
41606
41607
41608
41611
41614
41615
41618
41623
41625
41635
41643
41646
41648
41653
41656
41660
41661
41670
41677
41680
41681
41685
41712
41713
41716
41726
41727
41729
41738
41740
41751
41754
41767
41770
41777
41796
41799
41804
41806
41808
41814
41816
41819
41821
41835
41836
41851
41862
41864
41866
41902
41908
41922
41938
41940
41942
41952
41954
41960
41964
41966
41968
41969
41975
41976
41977
41979
41984
41985
41989
41993
42004
42031
42034
42061
42074
42079
42083
42084
42085
42099
42106
42107
42111
42112
42113
42119
42122
42123
42124
42131
42132
42135
42144
42146
42148
42150
42157
42166
42167
42168
42204
42208
42210
42243
42245
42248
42261
42280
42281
42287
42289
42296
42297
42299
42308
42316
42317
42318
42322
42325
42332
42333
42334
42342
42348
42352
42354
42355
42357
42358
42359
42369
42379
42382
42388
42391
42395
42401
42407
42428
42437
42447
42486
42489
42496
42503
42513
42516
42518
42519
42524
42525
42526
42527
42528
42533
42535
42539
42542
42549
42559
42562
42564
42572
42579
42581
42583
42594
42602
42603
42606
42608
42609
42612
42615
42617
42619
42620
42625
42627
42631
42634
42639
42641
42643
42646
42657
42658
42662
42663
42665
42667
42670
42671
42689
42691
42713
42714
42716
42723
42733
42735
42750
42751
42754
42757
42758
42761
42767
42775
42782
42783
42786
42789
42804
42820
42824
42864
42874
42877
42884
42885
42889
42891
42903
42908
42914
42922
42939
42966
42971
42972
42973
42978
42992
42995
42996
42998
43000
43010
43011
43012
43016
43017
43028
43065
43075
43080
43090
43093
43094
43095
43097
43100
43103
43104
43108
43127
43131
43132
43133
43195
43196
43202
43218
43250
43252
43263
43270
43278
43288
43289
43293
43295
43300
43301
43302
43303
43304
43314
43316
43317
43326
43329
43332
43344
43347
43351
43353
43355
43360
43368
43375
43377
43379
43380
43384
43385
43391
43393
43397
43401
43412
43417
43418
43420
43424
43425
43427
43428
43429
43431
43432
43433
43434
43439
43455
43457
43458
43460
43462
43475
43479
43481
43494
43495
43503
43508
43520
43526
43527
43529
43534
43538
43540
43543
43549
43552
43553
43558
43572
43574
43608
43615
43621
43626
43633
43636
43646
43647
43649
43676
43683
43685
43693
43705
43724
43736
43746
43747
43759
43765
43767
43769
43770
43779
43782
43786
43788
43789
43791
43792
43802
43806
43807
43810
43822
43840
43844
43847
43851
43858
43880
43892
43894
43896
43901
43915
43917
43919
43926
43927
43935
43945
43951
43954
43963
43964
43970
43974
43979
44015
44017
44032
44043
44046
44061
44062
44073
44074
44084
44092
44097
44098
44101
44104
44121
44122
44128
44129
44131
44134
44137
44138
44139
44145
44147
44150
44155
44157
44161
44165
44167
44168
44170
44172
44173
44174
44176
44182
44184
44199
44205
44206
44208
44209
44210
44221
44228
44241
44250
44255
44265
44279
44290
44291
44299
44302
44303
44304
44305
44306
44307
44311
44329
44339
44341
44344
44356
44362
44364
44365
44367
44369
44375
44379
44382
44388
44389
44392
44399
44407
44410
44414
44415
44419
44422
44429
44433
44435
44438
44440
44443
44444
44445
44454
44455
44456
44460
44462
44464
44465
44470
44471
44475
44483
44484
44498
44501
44504
44505
44508
44525
44526
44530
44533
44535
44536
44539
44546
44549
44564
44567
44570
44571
44574
44577
44580
44582
44591
44592
44596
44602
44617
44619
44622
44629
44630
44634
44649
44663
44674
44687
44690
44691
44695
44698
44706
44716
44717
44720
44722
44727
44779
44784
44791
44804
44805
44822
44824
44825
44826
44830
44839
44840
44841
44845
44856
44877
44893
44894
44897
44901
44902
44903
44905
44908
44927
44929
44944
44948
44986
44989
44998
45001
45002
45017
45021
45057
45065
45071
45072
45073
45077
45084
45089
45094
45096
45100
45107
45108
45114
45120
45127
45140
45141
45146
45150
45156
45157
45165
45166
45167
45173
45179
45192
45193
45195
45197
45199
45203
45204
45205
45209
45210
45213
45224
45231
45234
45237
45240
45242
45244
45247
45252
45253
45262
45263
45267
45268
45269
45270
45271
45274
45275
45280
45284
45285
45288
45307
45308
45313
45323
45335
45337
45340
45362
45364
45365
45366
45370
45372
45377
45393
45412
45421
45425
45428
45431
45433
45439
45449
45452
45455
45459
45462
45474
45492
45498
45521
45534
45546
45553
45560
45562
45568
45578
45583
45584
45587
45589
45599
45601
45605
45610
45615
45620
45634
45642
45647
45651
45655
45657
45660
45664
45701
45702
45705
45713
45715
45718
45721
45728
45732
45736
45740
45742
45748
45753
45757
45758
45763
45764
45768
45783
45785
45794
45795
45797
45827
45834
45842
45843
45847
45856
45869
45871
45874
45881
45886
45911
45914
45915
45921
45924
45931
45932
45934
45941
45947
45949
45950
45952
45953
45963
45968
45970
45975
45977
45978
45979
45980
45982
45983
45986
45992
45997
45999
46021
46023
46026
46029
46045
46053
46063
46098
46124
46128
46139
46142
46148
46151
46152
46154
46161
46165
46169
46175
46177
46178
46181
46189
46193
46195
46197
46198
46202
46204
46220
46225
46228
46232
46234
46235
46245
46246
46252
46258
46260
46262
46265
46267
46268
46270
46271
46275
46276
46278
46284
46288
46291
46297
46298
46312
46314
46315
46318
46324
46338
46348
46352
46359
46376
46380
46382
46383
46394
46395
46399
46404
46409
46442
46447
46476
46483
46488
46492
46498
46504
46508
46511
46512
46527
46535
46536
46542
46570
46592
46597
46600
46601
46617
46625
46626
46635
46638
46639
46654
46657
46706
46708
46717
46722
46725
46738
46740
46741
46742
46757
46801
46811
46812
46821
46826
46878
46889
46897
46898
46902
46903
46920
46923
46924
46927
46932
46933
46940
46942
46944
46946
46949
46953
46954
46955
46959
46960
46968
46969
46970
46971
46975
46977
46980
46983
46986
46989
46992
46999
47006
47007
47008
47010
47011
47016
47017
47023
47025
47027
47035
47037
47042
47045
47046
47048
47051
47052
47053
47054
47055
47057
47058
47059
47063
47065
47075
47080
47082
47083
47085
47097
47098
47099
47100
47101
47107
47116
47120
47121
47134
47147
47152
47153
47155
47166
47176
47178
47179
47180
47181
47182
47183
47189
47195
47212
47215
47221
47222
47238
47241
47247
47250
47253
47258
47259
47264
47273
47275
47280
47284
47286
47304
47330
47331
47332
47336
47339
47347
47349
47350
47363
47371
47373
47379
47385
47387
47391
47397
47409
47410
47413
47414
47418
47423
47433
47434
47446
47447
47455
47468
47470
47516
47518
47523
47525
47528
47531
47544
47545
47561
47563
47566
47570
47583
47584
47585
47591
47607
47609
47647
47656
47659
47675
47676
47684
47686
47690
47696
47698
47700
47704
47720
47727
47729
47734
47735
47742
47743
47744
47745
47746
47749
47755
47759
47762
47763
47765
47766
47769
47772
47774
47776
47780
47781
47788
47790
47791
47793
47796
47798
47799
47802
47803
47805
47810
47812
47831
47834
47858
47865
47866
47912
47932
47933
47937
47943
47955
47957
47959
47962
47965
47967
47978
47988
47989
47990
47991
47994
47996
47997
48001
48002
48008
48009
48010
48012
48015
48017
48033
48036
48038
48039
48041
48047
48048
48058
48063
48064
48065
48066
48068
48071
48073
48078
48081
48088
48096
48097
48099
48100
48103
48119
48124
48130
48135
48150
48151
48161
48162
48175
48181
48183
48191
48200
48206
48207
48208
48217
48255
48275
48282
48297
48306
48311
48317
48323
48324
48340
48359
48374
48379
48386
48405
48410
48413
48438
48440
48445
48449
48451
48452
48460
48461
48469
48492
48519
48521
48526
48530
48531
48541
48549
48567
48570
48603
48624
48633
48636
48653
48669
48692
48702
48703
48711
48716
48720
48733
48734
48736
48737
48739
48740
48741
48754
48755
48759
48766
48767
48769
48773
48781
48782
48783
48784
48788
48791
48792
48793
48805
48808
48812
48817
48823
48824
48828
48829
48830
48831
48832
48838
48840
48848
48850
48855
48859
48861
48863
48865
48866
48867
48872
48893
48896
48899
48902
48903
48912
48916
48923
48938
48939
48947
48949
48965
48966
48979
48990
48992
48994
49002
49008
49011
49023
49024
49025
49030
49033
49035
49037
49038
49041
49046
49053
49054
49060
49062
49064
49067
49068
49070
49071
49076
49078
49086
49088
49143
49144
49145
49147
49149
49156
49163
49184
49186
49192
49200
49204
49206
49217
49218
49220
49223
49225
49226
49227
49228
49230
49231
49239
49245
49260
49280
49286
49287
49289
49331
49333
49336
49340
49344
49354
49355
49358
49359
49362
49366
49369
49370
49373
49375
49376
49381
49383
49389
49395
49398
49400
49407
49410
49411
49422
49423
49424
49460
49469
49472
49488
49497
49500
49523
49532
49536
49538
49541
49542
49549
49550
49553
49562
49569
49573
49577
49580
49581
49582
49584
49585
49587
49589
49593
49594
49598
49603
49606
49609
49611
49612
49613
49618
49623
49625
49631
49633
49636
49640
49643
49653
49660
49671
49680
49684
49685
49691
49699
49712
49721
49725
49730
49739
49742
49743
49746
49752
49753
49764
49765
49767
49768
49770
49791
49794
49801
49804
49814
49823
49824
49826
49828
49830
49846
49850
49852
49854
49861
49862
49868
49871
49872
49873
49877
49879
49882
49883
49884
49886
49888
49894
49895
49897
49902
49903
49909
49914
49915
49916
49919
49923
49937
49941
49942
49963
49964
49966
49970
49974
49988
49990
50004
50005
50008
50009
50013
50021
50027
50030
50035
50052
50068
50072
50073
50087
50110
50113
50115
50119
50121
50124
50130
50137
50138
50142
50155
50189
50223
50224
50237
50241
50242
50243
50244
50247
50252
50258
50260
50263
50266
50268
50269
50272
50276
50280
50332
50334
50335
50339
50341
50342
50343
50345
50348
50350
50367
50379
50386
50433
50440
50458
50459
50504
50505
50510
50515
50516
50521
50523
50526
50528
50529
50531
50546
50548
50550
50552
50553
50566
50567
50568
50578
50580
50581
50586
50589
50595
50596
50603
50604
50606
50611
50612
50614
50616
50619
50626
50629
50630
50632
50638
50643
50644
50645
50646
50649
50666
50670
50672
50674
50676
50677
50678
50680
50685
50687
50691
50693
50703
50706
50708
50712
50713
50714
50716
50717
50723
50726
50727
50748
50755
50776
50779
50782
50789
50791
50796
50802
50804
50817
50819
50825
50834
50850
50851
50853
50854
50856
50860
50863
50866
50867
50873
50879
50883
50889
50891
50897
50899
50908
50927
50938
50963
50970
50973
50990
50991
50999
51002
51003
51008
51011
51013
51019
51020
51022
51023
51028
51031
51033
51034
51038
51039
51041
51043
51044
51050
51052
51058
51073
51088
51090
51093
51098
51099
51100
51123
51132
51140
51144
51146
51150
51151
51152
51153
51157
51161
51167
51171
51172
51187
51189
51196
51202
51209
51212
51213
51216
51220
51223
51224
51225
51226
51228
51267
51284
51295
51309
51312
51313
51322
51324
51335
51337
51349
51351
51354
51355
51361
51369
51375
51386
51388
51390
51391
51392
51394
51395
51396
51397
51398
51400
51401
51406
51407
51413
51418
51422
51424
51425
51428
51436
51446
51457
51460
51461
51466
51488
51497
51530
51556
51559
51562
51563
51565
51581
51584
51585
51591
51593
51598
51608
51611
51614
51617
51618
51624
51635
51637
51638
51640
51641
51648
51658
51659
51664
51668
51671
51673
51685
51689
51696
51706
51714
51716
51721
51727
51729
51744
51748
51754
51757
51777
51778
51785
51792
51799
51800
51801
51814
51816
51819
51820
51826
51829
51830
51833
51834
51836
51843
51844
51848
51853
51874
51890
51922
51927
51929
51943
51950
51951
51954
51966
51968
51971
51981
52000
52003
52012
52025
52031
52036
52037
52054
52063
52064
52065
52068
52081
52082
52086
52088
52119
52139
52146
52149
52153
52156
52158
52159
52175
52183
52218
52220
52237
52250
52259
52292
52300
52305
52317
52318
52319
52323
52326
52329
52337
52339
52341
52342
52344
52351
52353
52359
52360
52365
52367
52379
52392
52395
52399
52408
52409
52415
52416
52417
52420
52425
52426
52429
52432
52435
52438
52439
52442
52443
52445
52446
52450
52451
52454
52456
52457
52458
52464
52465
52466
52477
52483
52485
52487
52491
52492
52493
52496
52498
52500
52504
52519
52522
52527
52529
52530
52535
52542
52543
52559
52566
52575
52589
52599
52604
52616
52624
52654
52656
52663
52664
52665
52672
52673
52677
52680
52681
52682
52684
52692
52697
52702
52705
52712
52714
52724
52744
52754
52763
52772
52773
52775
52778
52783
52804
52812
52814
52816
52820
52824
52830
52831
52834
52835
52841
52843
52844
52846
52847
52849
52851
52852
52854
52855
52856
52857
52860
52862
52869
52872
52886
52892
52901
52903
52909
52945
52952
52957
52959
52960
52961
52962
52965
52983
52984
52991
53000
53005
53006
53009
53015
53026
53038
53039
53050
53084
53094
53119
53121
53124
53131
53133
53134
53150
53158
53162
53168
53171
53174
53179
53184
53185
53195
53201
53202
53203
53205
53207
53211
53213
53215
53218
53222
53228
53232
53235
53237
53239
53243
53249
53266
53275
53276
53279
53299
53302
53304
53315
53337
53339
53349
53354
53359
53364
53367
53368
53369
53374
53376
53380
53397
53398
53402
53404
53405
53407
53421
53448
53450
53451
53453
53461
53471
53472
53477
53480
53484
53487
53494
53498
53499
53503
53506
53507
53508
53509
53510
53512
53514
53518
53519
53525
53528
53536
53541
53542
53544
53545
53546
53557
53559
53570
53573
53574
53591
53595
53596
53600
53605
53614
53627
53629
53631
53632
53639
53646
53647
53652
53655
53656
53659
53661
53709
53714
53718
53739
53741
53742
53750
53751
53756
53762
53764
53779
53781
53783
53791
53808
53809
53813
53844
53849
53868
53869
53873
53889
53897
53899
53900
53906
53907
53948
53969
53970
53971
53979
54005
54044
54047
54063
54073
54079
54089
54102
54133
54141
54148
54150
54154
54155
54159
54168
54172
54173
54175
54176
54180
54181
54192
54193
54204
54210
54212
54213
54221
54227
54230
54233
54236
54239
54248
54250
54251
54255
54256
54258
54262
54264
54266
54268
54269
54270
54272
54274
54277
54278
54279
54288
54290
54300
54303
54305
54306
54309
54310
54311
54314
54317
54332
54337
54338
54339
54340
54342
54351
54352
54353
54355
54373
54381
54383
54384
54401
54402
54404
54414
54425
54428
54437
54454
54465
54466
54468
54469
54476
54478
54480
54493
54495
54499
54503
54505
54511
54515
54523
54525
54529
54545
54551
54560
54565
54569
54581
54585
54586
54625
54637
54639
54643
54646
54647
54648
54654
54657
54659
54664
54666
54667
54668
54669
54670
54694
54700
54711
54713
54714
54716
54726
54749
54751
54767
54770
54778
54783
54791
54793
54813
54816
54818
54819
54828
54837
54842
54847
54851
54853
54856
54864
54907
54908
54917
54931
54939
54943
54946
54947
54978
54979
54981
54987
54988
54989
54993
54997
54998
55005
55006
55008
55012
55014
55016
55017
55020
55021
55022
55023
55029
55033
55036
55037
55039
55044
55045
55046
55047
55048
55050
55051
55056
55068
55075
55079
55088
55099
55102
55106
55112
55114
55122
55157
55164
55167
55169
55178
55180
55182
55187
55198
55204
55207
55217
55218
55219
55221
55226
55230
55233
55234
55237
55242
55244
55260
55263
55264
55265
55267
55268
55269
55271
55274
55284
55285
55289
55293
55302
55307
55310
55311
55317
55319
55320
55324
55325
55327
55332
55333
55339
55340
55341
55347
55348
55353
55355
55362
55367
55370
55378
55380
55402
55403
55404
55408
55414
55418
55425
55439
55441
55442
55452
55460
55462
55467
55468
55473
55474
55499
55506
55511
55516
55522
55527
55528
55533
55538
55563
55575
55587
55590
55593
55594
55596
55604
55622
55623
55626
55663
55665
55682
55686
55695
55708
55771
55788
55791
55817
55819
55872
55875
55886
55895
55896
55921
55943
55944
55949
55951
55952
55962
55966
55982
55984
55987
55988
55992
55994
56005
56006
56011
56017
56020
56021
56023
56025
56026
56028
56033
56034
56035
56040
56046
56055
56061
56064
56068
56069
56072
56075
56078
56080
56082
56089
56090
56091
56092
56102
56103
56109
56110
56111
56112
56113
56115
56117
56118
56119
56122
56124
56126
56127
56129
56130
56139
56145
56146
56152
56155
56164
56174
56179
56185
56190
56191
56193
56214
56215
56217
56220
56221
56222
56241
56243
56256
56258
56265
56271
56275
56293
56294
56300
56303
56306
56307
56308
56323
56330
56347
56377
56396
56399
56425
56430
56431
56438
56442
56446
56450
56460
56463
56464
56467
56468
56469
56477
56478
56479
56480
56481
56482
56483
56489
56514
56525
56532
56535
56537
56539
56566
56571
56572
56583
56588
56596
56603
56604
56608
56609
56626
56632
56636
56639
56641
56649
56650
56660
56664
56670
56676
56721
56722
56730
56744
56746
56747
56748
56752
56756
56763
56764
56773
56789
56790
56795
56801
56805
56808
56809
56811
56814
56818
56819
56821
56829
56830
56834
56835
56836
56837
56842
56854
56858
56860
56861
56863
56864
56867
56881
56883
56892
56901
56912
56925
56963
56965
56985
56999
57005
57019
57020
57030
57033
57034
57039
57047
57070
57077
57078
57080
57082
57102
57105
57106
57109
57110
57111
57112
57116
57120
57123
57125
57126
57129
57130
57131
57135
57136
57139
57150
57153
57161
57164
57166
57167
57172
57174
57175
57185
57191
57193
57197
57216
57219
57224
57225
57226
57244
57255
57256
57258
57259
57281
57282
57287
57307
57308
57328
57332
57336
57339
57340
57341
57348
57362
57370
57376
57382
57388
57390
57393
57394
57407
57432
57447
57476
57487
57495
57503
57505
57515
57522
57523
57525
57528
57574
57584
57591
57592
57595
57596
57601
57685
57689
57693
57699
57758
57759
57764
57765
57766
57767
57778
57780
57781
57784
57793
57798
57800
57802
57804
57810
57831
57834
57835
57836
57838
57839
57848
57851
57852
57855
57856
57857
57859
57861
57863
57868
57870
57874
57875
57877
57881
57882
57884
57885
57888
57890
57892
57895
57896
57902
57903
57904
57905
57916
57920
57921
57922
57924
57927
57928
57932
57933
57938
57940
57943
57958
57962
57963
57964
57965
57966
57968
57977
57982
57985
57988
57998
57999
58027
58028
58033
58035
