5
6
8
9
10
16
17
18
20
22
25
27
34
37
38
40
42
45
58
61
62
65
66
67
68
70
78
80
81
82
87
89
92
94
103
105
107
109
110
113
115
118
121
136
144
157
172
174
176
180
186
187
203
206
207
208
209
216
229
231
235
236
237
239
240
242
243
245
250
251
252
253
254
256
257
259
268
270
274
276
279
283
290
292
296
300
302
304
305
306
310
314
315
316
318
320
323
351
356
357
358
359
366
367
371
377
378
379
380
385
387
392
401
414
415
416
418
419
428
436
442
445
447
451
485
487
495
507
511
521
523
524
525
526
527
530
531
536
537
538
543
547
549
552
559
563
564
565
568
569
576
577
582
585
587
588
589
596
597
603
604
605
606
608
609
610
612
614
615
617
618
621
623
624
626
627
630
635
638
639
640
642
647
648
651
654
662
667
676
677
678
681
682
683
687
690
697
701
703
704
718
720
722
725
729
732
738
740
753
755
759
763
765
766
767
769
770
777
781
782
783
784
789
791
793
794
796
798
799
800
803
804
805
808
809
810
811
812
813
815
817
818
823
827
828
830
831
834
835
838
842
844
845
847
849
850
853
855
856
859
860
861
864
867
870
872
873
876
877
878
879
880
881
882
883
884
886
888
892
893
894
895
896
898
903
904
908
911
912
913
914
916
918
919
921
924
925
926
931
934
936
937
939
940
941
942
943
946
949
950
951
952
953
957
961
962
966
968
970
977
990
994
996
997
999
1001
1002
1009
1011
1012
1014
1019
1020
1021
1022
1027
1028
1030
1032
1033
1034
1035
1036
1043
1044
1047
1048
1049
1051
1056
1057
1058
1062
1064
1068
1097
1098
1101
1115
1125
1130
1134
1136
1141
1145
1147
1148
1151
1160
1163
1179
1180
1181
1182
1183
1190
1202
1209
1213
1219
1234
1243
1249
1256
1257
1258
1263
1266
1268
1269
1277
1283
1285
1290
1291
1298
1303
1319
1359
1360
1361
1366
1367
1370
1371
1372
1373
1375
1379
1380
1384
1385
1387
1391
1396
1406
1407
1416
1450
1453
1460
1467
1469
1485
1498
1513
1523
1528
1533
1537
1538
1539
1541
1547
1549
1550
1560
1568
1569
1570
1573
1575
1576
1577
1578
1579
1580
1582
1593
1595
1600
1604
1609
1613
1614
1621
1622
1626
1628
1629
1630
1631
1632
1637
1645
1647
1649
1653
1656
1657
1660
1661
1663
1665
1666
1667
1669
1671
1672
1673
1677
1678
1679
1685
1688
1690
1694
1699
1700
1702
1703
1707
1708
1710
1714
1715
1717
1725
1728
1733
1734
1740
1741
1750
1752
1763
1764
1768
1778
1780
1787
1788
1792
1793
1802
1803
1805
1816
1818
1819
1820
1822
1827
1828
1830
1833
1847
1848
1862
1863
1875
1878
1882
1890
1891
1892
1895
1896
1898
1899
1902
1906
1907
1912
1914
1918
1919
1923
1926
1971
1985
1986
1987
1988
1989
2002
2014
2018
2020
2022
2023
2024
2030
2035
2041
2043
2045
2048
2050
2051
2055
2057
2059
2061
2067
2068
2070
2072
2073
2074
2090
2098
2099
2104
2115
2117
2120
2124
2128
2131
2132
2135
2146
2157
2161
2162
2164
2168
2171
2176
2177
2181
2182
2185
2186
2187
2189
2190
2193
2197
2199
2206
2213
2214
2217
2219
2220
2222
2223
2229
2233
2234
2241
2246
2249
2250
2253
2255
2256
2258
2260
2284
2288
2303
2309
2327
2334
2339
2347
2353
2355
2359
2361
2362
2370
2378
2379
2387
2389
2390
2393
2397
2401
2409
2410
2414
2417
2423
2424
2425
2426
2428
2430
2431
2435
2436
2440
2441
2442
2444
2445
2447
2448
2452
2453
2454
2456
2458
2461
2462
2467
2468
2471
2477
2478
2481
2487
2492
2494
2497
2498
2505
2506
2507
2517
2519
2520
2521
2534
2535
2536
2542
2545
2548
2551
2553
2556
2557
2564
2569
2570
2571
2575
2576
2578
2579
2591
2592
2596
2597
2598
2602
2606
2609
2610
2611
2619
2621
2623
2625
2627
2632
2634
2635
2636
2639
2641
2644
2649
2656
2666
2668
2672
2673
2677
2681
2683
2689
2691
2693
2695
2705
2706
2707
2708
2712
2713
2715
2717
2718
2719
2720
2726
2727
2735
2736
2738
2739
2741
2742
2744
2745
2746
2747
2752
2753
2755
2756
2757
2759
2760
2763
2764
2765
2766
2769
2780
2782
2784
2795
2798
2802
2803
2807
2808
2810
2813
2817
2823
2827
2829
2832
2833
2842
2843
2844
2845
2854
2857
2861
2862
2863
2867
2869
2870
2872
2876
2881
2901
2913
2915
2916
2918
2919
2920
2922
2929
2935
2937
2946
2950
2952
2954
2961
2966
2971
2977
2982
2994
2995
2996
2998
3005
3006
3007
3020
3021
3024
3029
3035
3042
3057
3059
3064
3070
3072
3078
3084
3088
3092
3095
3102
3107
3110
3112
3113
3114
3117
3118
3130
3172
3173
3175
3180
3182
3186
3188
3189
3194
3197
3200
3204
3208
3210
3219
3220
3224
3227
3233
3252
3253
3263
3281
3283
3284
3297
3336
3339
3342
3345
3346
3347
3350
3352
3353
3354
3362
3363
3364
3365
3369
3370
3371
3382
3384
3388
3389
3393
3395
3398
3400
3407
3408
3410
3412
3418
3419
3422
3426
3429
3431
3436
3439
3440
3445
3446
3447
3463
3465
3469
3470
3471
3474
3477
3478
3481
3482
3488
3491
3492
3493
3494
3504
3506
3510
3512
3516
3517
3518
3520
3521
3523
3524
3526
3529
3530
3532
3535
3538
3545
3548
3549
3551
3555
3559
3572
3585
3593
3595
3598
3607
3616
3617
3620
3622
3623
3632
3636
3637
3640
3645
3648
3650
3653
3661
3669
3679
3682
3692
3697
3705
3706
3708
3710
3713
3717
3720
3721
3722
3724
3728
3733
3734
3737
3742
3744
3746
3756
3777
3787
3799
3801
3803
3808
3814
3820
3832
3838
3841
3844
3849
3853
3855
3862
3863
3864
3866
3869
3873
3875
3877
3879
3882
3888
3890
3891
3901
3902
3911
3915
3917
3926
3930
3931
3937
3938
3942
3945
3974
3979
3980
3984
3995
4003
4012
4013
4017
4019
4021
4034
4040
4042
4043
4047
4051
4055
4058
4062
4063
4064
4065
4070
4111
4128
4132
4133
4134
4140
4141
4143
4145
4149
4151
4153
4154
4155
4163
4177
4180
4185
4186
4197
4201
4205
4208
4214
4216
4222
4223
4228
4229
4230
4232
4233
4234
4236
4237
4239
4240
4242
4244
4245
4247
4249
4250
4253
4255
4256
4259
4261
4263
4264
4266
4267
4268
4269
4270
4274
4281
4284
4291
4295
4301
4314
4320
4324
4326
4328
4329
4330
4331
4332
4338
4339
4340
4342
4349
4355
4364
4365
4369
4371
4374
4378
4382
4383
4387
4393
4396
4397
4398
4400
4402
4406
4407
4409
4414
4422
4423
4424
4425
4428
4430
4433
4434
4436
4437
4445
4446
4448
4451
4461
4468
4470
4473
4475
4476
4483
4484
4488
4489
4497
4498
4501
4505
4506
4507
4508
4513
4516
4517
4520
4523
4526
4527
4532
4533
4535
4536
4541
4542
4545
4548
4550
4552
4553
4554
4557
4558
4559
4564
4569
4570
4571
4573
4574
4577
4578
4582
4590
4593
4594
4596
4599
4621
4629
4637
4640
4641
4642
4648
4649
4658
4661
4672
4676
4678
4680
4684
4686
4690
4710
4713
4720
4724
4732
4742
4743
4744
4764
4772
4774
4780
4781
4791
4796
4803
4810
4815
4816
4820
4821
4842
4843
4860
4870
4873
4875
4877
4885
4886
4890
4905
4906
4909
4918
4921
4924
4927
4928
4989
4991
4994
4996
4998
4999
5003
5004
5005
5007
5010
5012
5019
5033
5035
5040
5043
5077
5081
5092
5097
5102
5126
5134
5141
5150
5156
5159
5162
5166
5167
5169
5170
5176
5177
5178
5180
5181
5184
5188
5192
5195
5197
5201
5202
5204
5207
5208
5210
5213
5220
5222
5224
5226
5228
5232
5236
5239
5241
5247
5252
5254
5256
5259
5273
5280
5284
5285
5286
5287
5291
5295
5296
5306
5308
5316
5317
5318
5320
5324
5327
5328
5330
5332
5337
5338
5339
5340
5343
5356
5357
5361
5364
5367
5369
5370
5371
5377
5378
5380
5385
5386
5401
5408
5422
5424
5436
5438
5442
5447
5451
5452
5453
5456
5457
5458
5459
5470
5472
5473
5475
5480
5506
5508
5511
5512
5519
5523
5525
5527
5531
5534
5540
5545
5554
5556
5557
5571
5588
5597
5613
5614
5615
5616
5629
5646
5650
5659
5662
5672
5675
5676
5677
5679
5680
5683
5684
5686
5689
5690
5692
5694
5695
5697
5698
5706
5707
5709
5713
5714
5717
5727
5734
5736
5740
5742
5744
5746
5747
5750
5752
5756
5773
5785
5794
5799
5802
5803
5808
5809
5813
5815
5817
5823
5824
5825
5826
5827
5835
5838
5839
5850
5856
5858
5871
5874
5879
5884
5903
5921
5924
5926
5928
5939
5941
5944
5947
5952
5954
5959
5961
5966
5967
5975
5981
5990
5991
5993
5997
6000
6003
6007
6008
6017
6021
6022
6024
6025
6028
6030
6037
6044
6045
6046
6054
6056
6057
6063
6069
6074
6075
6076
6077
6078
6079
6080
6081
6089
6091
6092
6103
6106
6109
6113
6122
6133
6145
6176
6178
6181
6183
6187
6194
6197
6198
6208
6209
6210
6211
6212
6216
6217
6221
6222
6230
6232
6234
6236
6237
6238
6239
6241
6247
6249
6251
6253
6255
6259
6261
6264
6272
6274
6287
6292
6293
6297
6298
6300
6302
6305
6309
6310
6311
6312
6314
6319
6320
6321
6323
6327
6334
6340
6341
6345
6347
6353
6354
6355
6356
6367
6373
6378
6379
6382
6383
6385
6389
6391
6392
6399
6400
6407
6408
6409
6412
6416
6419
6438
6441
6450
6465
6470
6472
6473
6475
6478
6489
6492
6493
6497
6498
6499
6530
6544
6545
6546
6551
6557
6564
6569
6571
6572
6580
6584
6586
6593
6604
6605
6612
6623
6624
6625
6626
6629
6634
6637
6642
6654
6656
6657
6687
6689
6710
6712
6730
6732
6740
6742
6745
6746
6796
6801
6802
6805
6808
6809
6810
6812
6817
6826
6829
6830
6835
6853
6855
6881
6897
6912
6916
6917
6922
6945
6948
6956
6964
6975
6980
6981
6993
6994
6995
6998
7001
7002
7009
7015
7016
7018
7019
7022
7023
7024
7032
7034
7035
7038
7040
7047
7050
7052
7053
7055
7057
7063
7064
7065
7067
7072
7073
7076
7080
7081
7084
7089
7091
7092
7094
7098
7099
7105
7107
7110
7112
7119
7120
7121
7122
7128
7130
7132
7133
7139
7140
7142
7144
7145
7146
7147
7151
7152
7159
7160
7174
7175
7182
7183
7185
7187
7192
7194
7195
7198
7202
7214
7215
7224
7240
7243
7245
7246
7247
7250
7251
7252
7258
7261
7269
7271
7272
7278
7289
7294
7296
7297
7301
7306
7309
7322
7325
7328
7333
7334
7335
7337
7339
7340
7341
7343
7344
7345
7347
7351
7352
7353
7354
7356
7357
7359
7364
7365
7369
7373
7400
7407
7421
7427
7429
7430
7431
7432
7435
7458
7462
7466
7469
7475
7485
7486
7487
7490
7494
7497
7498
7502
7503
7504
7508
7509
7510
7513
7514
7522
7538
7539
7556
7559
7565
7570
7589
7596
7597
7598
7608
7615
7616
7618
7622
7623
7626
7627
7629
7634
7638
7640
7649
7651
7652
7656
7657
7659
7660
7662
7665
7667
7675
7679
7686
7691
7696
7699
7707
7735
7738
7741
7755
7766
7767
7769
7770
7799
7804
7819
7820
7821
7825
7830
7836
7838
7842
7843
7844
7845
7851
7855
7860
7863
7867
7868
7871
7872
7873
7876
7883
7884
7888
7889
7890
7891
7892
7894
7895
7897
7901
7904
7906
7909
7911
7915
7923
7924
7926
7927
7929
7934
7946
7950
7953
7960
7962
7964
7965
7969
7975
7978
8008
8009
8010
8014
8015
8025
8026
8029
8031
8032
8034
8035
8037
8044
8045
8050
8051
8053
8054
8057
8058
8061
8063
8064
8065
8068
8073
8076
8079
8081
8083
8085
8086
8092
8098
8106
8107
8112
8114
8125
8131
8132
8133
8134
8135
8137
8141
8143
8149
8154
8156
8159
8163
8164
8165
8167
8171
8173
8185
8188
8190
8192
8198
8203
8206
8210
8211
8212
8215
8220
8226
8230
8246
8247
8250
8253
8254
8255
8257
8276
8282
8283
8286
8290
8293
8298
8302
8303
8304
8306
8307
8312
8314
8316
8318
8344
8356
8364
8365
8370
8371
8387
8394
8402
8405
8406
8413
8418
8419
8440
8444
8447
8470
8474
8482
8497
8502
8503
8516
8519
8529
8544
8546
8557
8559
8562
8571
8614
8615
8617
8619
8622
8623
8624
8627
8628
8629
8631
8632
8636
8641
8642
8643
8645
8649
8661
8663
8668
8671
8676
8697
8711
8721
8723
8726
8729
8766
8781
8784
8788
8789
8792
8794
8807
8809
8810
8815
8828
8829
8830
8832
8833
8834
8835
8836
8838
8847
8848
8849
8850
8853
8854
8861
8862
8866
8867
8869
8879
8882
8887
8889
8894
8895
8897
8898
8901
8904
8908
8912
8913
8914
8917
8918
8919
8922
8926
8931
8934
8941
8946
8948
8953
8954
8955
8956
8958
8959
8960
8961
8963
8965
8966
8967
8969
8970
8973
8974
8976
8991
8995
8996
8999
9000
9006
9013
9031
9040
9054
9055
9059
9061
9064
9065
9067
9070
9071
9072
9073
9084
9088
9098
9099
9104
9108
9109
9111
9112
9122
9123
9124
9133
9134
9138
9139
9147
9149
9152
9155
9158
9159
9160
9162
9168
9175
9179
9182
9187
9194
9195
9223
9226
9271
9276
9285
9297
9299
9304
9305
9308
9314
9316
9319
9321
9322
9327
9328
9331
9332
9336
9340
9344
9347
9353
9369
9371
9372
9373
9375
9379
9380
9382
9384
9394
9398
9399
9406
9414
9421
9422
9424
9428
9429
9430
9436
9441
9467
9471
9481
9483
9484
9485
9494
9507
9509
9515
9530
9550
9551
9552
9559
9577
9586
9592
9596
9597
9598
9604
9605
9614
9621
9628
9631
9634
9635
9636
9652
9653
9656
9659
9662
9664
9665
9669
9670
9674
9681
9682
9683
9685
9686
9687
9695
9700
9702
9704
9705
9706
9707
9708
9709
9710
9714
9715
9729
9733
9738
9740
9756
9760
9765
9767
9780
9786
9787
9788
9796
9799
9806
9812
9817
9819
9822
9829
9838
9839
9844
9851
9861
9862
9869
9872
9873
9875
9878
9879
9881
9887
9889
9892
9894
9897
9899
9901
9902
9912
9917
9921
9924
9926
9927
9930
9931
9932
9937
9938
9946
9947
9950
9951
9954
9955
9957
9959
9961
9963
9967
9970
9972
9976
9980
9984
9992
9997
9998
10000
10001
10010
10019
10020
10028
10034
10035
10036
10037
10040
10044
10060
10061
10063
10065
10066
10067
10072
10075
10079
10080
10082
10083
10084
10088
10090
10091
10098
10099
10100
10101
10105
10109
10116
10118
10119
10123
10126
10127
10129
10130
10131
10137
10153
10155
10162
10164
10167
10169
10173
10178
10180
10184
10185
10186
10190
10204
10206
10207
10210
10220
10230
10232
10233
10235
10237
10239
10240
10241
10245
10262
10276
10281
10284
10286
10316
10327
10328
10336
10344
10360
10364
10366
10370
10436
10438
10441
10442
10444
10445
10448
10452
10457
10460
10475
10477
10483
10489
10530
10534
10546
10558
10562
10580
10584
10602
10603
10606
10608
10611
10612
10617
10620
10621
10622
10623
10624
10625
10626
10628
10643
10644
10647
10652
10659
10662
10663
10665
10668
10675
10677
10680
10681
10682
10683
10686
10692
10693
10699
10701
10706
10709
10713
10715
10726
10727
10730
10731
10732
10733
10740
10748
10749
10751
10760
10764
10766
10767
10769
10770
10771
10772
10773
10776
10777
10779
10780
10782
10784
10791
10795
10797
10809
10810
10811
10813
10819
10820
10823
10824
10843
10848
10855
10857
10859
10860
10863
10869
10873
10878
10881
10887
10898
10901
10902
10918
10928
10935
10937
10948
10953
10954
10958
10961
10965
10967
10969
10972
10973
10982
10985
10988
10989
10993
10996
10998
11033
11034
11035
11057
11058
11059
11062
11066
11072
11085
11090
11097
11100
11107
11113
11114
11116
11117
11119
11122
11123
11125
11126
11127
11128
11129
11134
11135
11174
11175
11177
11182
11187
11188
11196
11197
11198
11199
11200
11201
11208
11220
11236
11248
11249
11250
11255
11258
11259
11267
11269
11275
11282
11284
11285
11292
11295
11315
11321
11322
11323
11327
11329
11356
11363
11366
11368
11369
11383
11386
11394
11398
11403
11408
11409
11410
11414
11416
11444
11447
11448
11455
11460
11463
11464
11465
11470
11471
11472
11478
11480
11485
11486
11487
11488
11489
11492
11495
11496
11498
11499
11507
11510
11511
11512
11514
11516
11517
11520
11521
11522
11523
11525
11528
11529
11535
11536
11553
11557
11583
11589
11590
11591
11594
11605
11610
11625
11630
11634
11639
11641
11648
11651
11653
11654
11659
11662
11663
11665
11670
11672
11678
11679
11682
11683
11685
11686
11687
11689
11690
11692
11693
11700
11701
11707
11711
11712
11722
11729
11734
11738
11739
11743
11744
11756
11760
11761
11762
11777
11778
11782
11784
11785
11790
11791
11795
11801
11805
11806
11807
11810
11812
11814
11818
11824
11825
11827
11831
11832
11836
11841
11842
11847
11848
11849
11850
11855
11859
11874
11879
11881
11882
11883
11885
11889
11903
11913
11914
11915
11916
11918
11920
11931
11932
11933
11934
11936
11939
11940
11941
11945
11946
11969
11973
11981
11984
11993
11995
11998
11999
12000
12011
12017
12028
12034
12036
12044
12047
12054
12062
12065
12073
12075
12086
12126
12133
12139
12144
12156
12158
12160
12162
12171
12174
12180
12182
12186
12187
12232
12242
12244
12245
12250
12255
12256
12258
12261
12265
12271
12274
12276
12277
12291
12295
12339
12352
12353
12383
12384
12401
12409
12414
12417
12421
12422
12423
12431
12432
12434
12435
12436
12440
12452
12456
12457
12458
12459
12464
12471
12474
12475
12477
12478
12490
12492
12494
12495
12499
12505
12506
12510
12512
12513
12515
12519
12522
12526
12529
12531
12538
12539
12540
12544
12554
12557
12564
12572
12573
12584
12585
12586
12587
12589
12591
12593
12594
12595
12596
12597
12602
12612
12617
12618
12619
12623
12624
12625
12627
12628
12633
12634
12657
12662
12673
12687
12689
12692
12714
12716
12721
12722
12724
12727
12736
12742
12751
12753
12762
12764
12767
12775
12776
12782
12783
12786
12787
12789
12790
12795
12796
12800
12801
12803
12810
12814
12845
12867
12869
12885
12896
12898
12902
12904
12908
12909
12912
12916
12917
12918
12919
12921
12922
12927
12932
12933
12934
12936
12940
12943
12944
12948
12949
12950
12951
12953
12954
12956
12960
12962
12965
12972
12975
12981
12983
12986
12988
12992
13000
13008
13009
13011
13012
13013
13051
13055
13063
13080
13082
13085
13095
13097
13108
13112
13116
13125
13126
13136
13139
13181
13183
13187
13195
13205
13211
13221
13222
13223
13230
13232
13233
13238
13244
13248
13249
13253
13258
13266
13268
13271
13273
13282
13286
13287
13292
13293
13296
13298
13299
13301
13309
13312
13317
13319
13322
13325
13329
13330
13333
13335
13336
13337
13338
13339
13340
13341
13342
13343
13345
13349
13350
13352
13353
13355
13362
13366
13371
13372
13376
13379
13382
13393
13394
13401
13402
13403
13406
13415
13416
13417
13423
13428
13439
13445
13453
13454
13455
13464
13465
13467
13470
13472
13473
13476
13479
13490
13493
13499
13500
13501
13503
13506
13507
13508
13509
13510
13512
13515
13517
13521
13525
13528
13530
13532
13535
13538
13541
13548
13549
13553
13560
13567
13574
13575
13579
13584
13589
13590
13591
13592
13595
13596
13598
13601
13603
13604
13606
13609
13611
13619
13624
13626
13628
13632
13636
13638
13639
13641
13644
13646
13655
13658
13662
13663
13665
13666
13672
13689
13696
13698
13699
13700
13710
13713
13718
13723
13728
13729
13731
13732
13740
13744
13746
13748
13751
13753
13754
13756
13783
13801
13802
13807
13808
13812
13817
13821
13835
13838
13844
13847
13848
13851
13861
13878
13879
13880
13888
13890
13922
13927
13942
13948
13958
13967
13968
13971
13972
13988
13990
13996
13999
14032
14056
14058
14059
14064
14065
14069
14070
14075
14079
14083
14084
14086
14087
14089
14091
14103
14104
14109
14138
14153
14156
14164
14172
14181
14185
14188
14215
14220
14228
14231
14234
14235
14239
14248
14251
14252
14266
14270
14272
14274
14275
14276
14278
14290
14292
14295
14303
14304
14305
14307
14308
14312
14313
14320
14326
14327
14328
14329
14330
14332
14338
14340
14343
14347
14354
14355
14357
14358
14359
14364
14367
14368
14378
14386
14387
14388
14397
14400
14402
14404
14405
14407
14408
14409
14413
14414
14416
14429
14431
14432
14437
14438
14439
14441
14444
14448
14452
14454
14455
14459
14478
14501
14503
14505
14506
14509
14512
14513
14516
14517
14522
14529
14531
14549
14550
14553
14558
14560
14561
14563
14567
14578
14585
14586
14588
14589
14594
14597
14599
14602
14605
14610
14613
14621
14625
14626
14673
14686
14688
14694
14696
14699
14710
14712
14713
14715
14723
14726
14728
14730
14736
14737
14743
14745
14746
14748
14753
14757
14758
14761
14762
14763
14764
14765
14772
14775
14777
14778
14789
14794
14804
14824
14828
14831
14832
14857
14868
14871
14874
14876
14883
14895
14896
14900
14904
14909
14912
14913
14914
14915
14921
14926
14927
14949
14952
14953
14954
14958
14963
14964
14991
14993
15007
15019
15025
15034
15044
15046
15058
15062
15063
15067
15070
15072
15074
15076
15081
15082
15084
15086
15087
15091
15092
15094
15096
15097
15100
15105
15107
15108
15110
15112
15114
15116
15122
15123
15127
15128
15131
15136
15143
15147
15149
15150
15151
15153
15156
15159
15161
15175
15180
15187
15188
15190
15198
15203
15207
15208
15215
15231
15236
15239
15242
15250
15251
15253
15259
15260
15261
15268
15274
15276
15279
15285
15286
15289
15291
15298
15305
15306
15307
15309
15312
15314
15315
15316
15317
15319
15320
15321
15323
15325
15329
15331
15335
15339
15340
15343
15346
15348
15356
15357
15359
15360
15363
15365
15366
15393
15397
15399
15405
15406
15415
15418
15420
15424
15430
15433
15434
15440
15441
15443
15445
15452
15453
15454
15460
15461
15469
15476
15477
15481
15482
15499
15502
15503
15509
15511
15513
15514
15524
15529
15530
15531
15540
15542
15546
15547
15555
15558
15560
15562
15573
15579
15597
15608
15610
15616
15626
15627
15632
15656
15661
15674
15675
15692
15693
15695
15726
15740
15750
15755
15759
15760
15762
15772
15785
15786
15796
15799
15801
15802
15810
15812
15870
15871
15878
15880
15883
15884
15885
15886
15887
15917
15927
15944
15958
15962
15965
15972
15980
15986
15992
16001
16027
16029
16039
16043
16045
16048
16051
16054
16060
16061
16064
16065
16068
16071
16072
16076
16080
16081
16083
16084
16086
16090
16091
16093
16096
16102
16104
16105
16106
16108
16110
16116
16117
16119
16121
16122
16123
16125
16131
16134
16135
16138
16139
16140
16141
16143
16144
16146
16151
16152
16154
16155
16159
16163
16166
16168
16169
16172
16175
16180
16181
16182
16184
16189
16194
16200
16201
16203
16211
16214
16215
16218
16219
16220
16221
16222
16224
16225
16226
16227
16228
16229
16232
16244
16245
16247
16252
16257
16266
16268
16273
16281
16285
16298
16299
16312
16313
16315
16317
16318
16328
16332
16336
16339
16340
16341
16342
16343
16363
16382
16393
16399
16407
16409
16411
16412
16413
16414
16415
16418
16421
16423
16424
16429
16436
16437
16439
16497
16499
16514
16515
16528
16543
16544
16545
16556
16560
16561
16562
16564
16567
16568
16570
16571
16572
16573
16577
16579
16581
16582
16583
16593
16594
16602
16613
16628
16629
16642
16643
16659
16675
16679
16685
16687
16688
16697
16699
16703
16710
16711
16714
16722
16737
16739
16752
16756
16757
16761
16764
16776
16814
16825
16830
16851
16862
16865
16876
16877
16878
16890
16891
16892
16894
16895
16896
16897
16898
16899
16904
16905
16911
16913
16921
16922
16926
16932
16937
16938
16940
16941
16942
16944
16945
16957
16959
16962
16964
16965
16967
16969
16970
16973
16975
16977
16988
16994
17002
17004
17007
17013
17017
17022
17028
17031
17032
17033
17034
17035
17036
17043
17050
17061
17065
17074
17078
17088
17090
17091
17096
17099
17102
17105
17107
17117
17120
17121
17123
17125
17130
17131
17132
17133
17134
17135
17137
17140
17143
17145
17148
17153
17154
17156
17157
17160
17162
17166
17171
17173
17177
17178
17180
17189
17195
17199
17200
17201
17203
17204
17207
17208
17210
17213
17219
17220
17223
17224
17225
17226
17228
17229
17234
17238
17239
17244
17247
17254
17256
17266
17286
17290
17291
17292
17294
17297
17300
17314
17316
17317
17322
17325
17326
17339
17340
17344
17345
17355
17356
17357
17358
17359
17360
17362
17372
17374
17376
17378
17382
17383
17386
17388
17408
17411
17415
17418
17441
17442
17454
17455
17456
17459
17460
17473
17475
17476
17477
17478
17485
17489
17507
17510
17511
17520
17521
17524
17528
17532
17552
17560
17572
17575
17584
17593
17599
17603
17613
17614
17615
17616
17625
17626
17684
17691
17692
17694
17695
17698
17705
17706
17714
17731
17732
17733
17737
17738
17741
17800
17810
17815
17850
17852
17853
17854
17858
17859
17860
17864
17865
17873
17874
17876
17878
17880
17883
17886
17895
17899
17900
17903
17904
17905
17906
17910
17911
17914
17915
17919
17920
17922
17923
17924
17926
17929
17931
17932
17933
17935
17941
17948
17949
17952
17954
17955
17956
17957
17958
17968
17973
17982
17985
17988
17989
17992
17995
17996
17997
18004
18005
18012
18014
18015
18016
18019
18025
18027
18029
18032
18033
18035
18038
18041
18044
18046
18059
18060
18062
18065
18066
18067
18069
18074
18076
18077
18080
18085
18099
18100
18114
18127
18129
18131
18135
18140
18141
18142
18147
18155
18175
18185
18190
18192
18203
18213
18215
18222
18223
18224
18227
18228
18232
18234
18236
18239
18244
18249
18253
18267
18278
18279
18290
18306
18313
18314
18343
18347
18352
18358
18367
18369
18371
18373
18376
18384
18387
18389
18390
18391
18392
18393
18394
18403
18439
18443
18444
18449
18452
18454
18456
18460
18472
18473
18485
18495
18498
18504
18505
18506
18507
18509
18511
18515
18517
18520
18523
18525
18527
18544
18545
18547
18549
18551
18558
18561
18576
18578
18580
18581
18582
18589
18591
18639
18643
18662
18663
18664
18665
18671
18672
18673
18675
18679
18690
18691
18695
18703
18706
18709
18714
18715
18716
18719
18721
18725
18727
18729
18733
18735
18736
18740
18746
18749
18750
18751
18752
18755
18757
18761
18765
18769
18772
18773
18774
18775
18776
18778
18781
18784
18785
18787
18792
18793
18799
18801
18804
18806
18807
18811
18817
18818
18830
18835
18839
18842
18843
18846
18862
18875
18884
18894
18895
18896
18897
18904
18906
18910
18919
18920
18930
18934
18937
18938
18939
18940
18943
18945
18947
18948
18949
18951
18959
18961
18962
18963
18965
18966
18967
18969
18971
18972
18974
18978
18980
18981
18985
18988
18991
18994
18995
18998
19002
19004
19010
19028
19030
19034
19035
19038
19044
19050
19051
19052
19054
19061
19062
19063
19065
19067
19068
19071
19087
19088
19102
19104
19105
19106
19108
19109
19110
19111
19113
19114
19142
19145
19146
19151
19157
19159
19161
19164
19169
19170
19173
19177
19178
19188
19196
19202
19225
19232
19243
19254
19255
19261
19266
19268
19269
19291
19302
19305
19309
19310
19319
19332
19338
19384
19388
19390
19392
19396
19397
19400
19408
19410
19413
19418
19424
19427
19430
19437
19440
19505
19506
19507
19508
19513
19514
19530
19531
19533
19545
19549
19551
19606
19612
19624
19629
19633
19651
19652
19657
19670
19671
19672
19673
19677
19678
19690
19692
19693
19698
19712
19713
19714
19715
19717
19719
19720
19721
19722
19724
19729
19732
19736
19738
19746
19749
19750
19752
19754
19755
19759
19762
19763
19768
19769
19771
19773
19778
19782
19785
19787
19792
19795
19796
19799
19806
19809
19810
19814
19815
19819
19839
19840
19842
19843
19846
19847
19857
19858
19859
19862
19864
19867
19869
19876
19879
19881
19883
19891
19909
19913
19914
19925
19935
19937
19943
19945
19947
19948
19961
19968
19972
19987
19992
20001
20003
20010
20018
20022
20030
20032
20035
20036
20038
20041
20044
20051
20060
20098
20119
20126
20128
20142
20161
20162
20166
20170
20184
20187
20190
20192
20194
20195
20196
20197
20198
20200
20201
20203
20204
20206
20207
20208
20209
20210
20221
20239
20256
20261
20264
20266
20268
20269
20274
20294
20307
20308
20309
20311
20312
20313
20316
20318
20319
20320
20323
20325
20331
20334
20342
20355
20356
20361
20365
20367
20370
20371
20383
20384
20389
20390
20391
20392
20394
20395
20396
20398
20399
20433
20434
20436
20437
20438
20448
20454
20467
20471
20474
20478
20479
20487
20500
20504
20523
20530
20533
20535
20536
20538
20541
20543
20549
20554
20556
20562
20564
20569
20572
20575
20581
20582
20583
20585
20586
20587
20588
20589
20590
20591
20593
20595
20596
20601
20606
20610
20615
20617
20618
20623
20636
20637
20643
20645
20647
20655
20660
20661
20663
20672
20676
20679
20690
20699
20720
20721
20730
20740
20746
20748
20749
20751
20755
20756
20757
20759
20760
20761
20763
20767
20774
20775
20777
20781
20783
20786
20790
20796
20799
20801
20802
20804
20805
20808
20809
20811
20825
20829
20830
20833
20841
20844
20848
20854
20856
20857
20865
20866
20869
20870
20871
20872
20873
20875
20876
20881
20882
20884
20886
20895
20897
20898
20899
20900
20913
20918
20919
20920
20924
20939
20942
20944
20946
20953
20955
20956
20958
20965
20968
20970
20971
20972
20983
20984
20986
20991
20995
20997
20998
21002
21004
21010
21015
21016
21046
21050
21068
21069
21074
21091
21093
21104
21113
21114
21115
21129
21134
21144
21173
21199
21211
21212
21214
21224
21225
21243
21244
21246
21252
21253
21254
21256
21257
21312
21320
21322
21328
21329
21337
21339
21347
21360
21365
21366
21401
21404
21408
21428
21471
21473
21486
21487
21490
21491
21492
21494
21496
21499
21502
21507
21510
21511
21512
21513
21522
21526
21528
21529
21531
21532
21533
21534
21535
21536
21544
21550
21552
21554
21560
21561
21563
21566
21569
21574
21576
21577
21580
21582
21583
21584
21585
21586
21587
21596
21597
21600
21603
21604
21606
21608
21609
21610
21613
21623
21642
21649
21651
21654
21656
21657
21659
21660
21661
21662
21663
21665
21666
21671
21674
21687
21690
21695
21697
21698
21699
21705
21707
21708
21713
21720
21728
21729
21732
21740
21742
21751
21754
21757
21759
21763
21767
21770
21781
21787
21788
21790
21791
21805
21808
21811
21817
21824
21830
21832
21833
21835
21845
21848
21849
21853
21859
21863
21868
21872
21878
21879
21881
21882
21915
21941
21942
21957
21975
21982
21991
21992
21997
21999
22009
22010
22012
22014
22015
22018
22019
22021
22023
22024
22026
22028
22035
22048
22067
22082
22085
22104
22125
22132
22133
22139
22151
22152
22153
22154
22165
22168
22169
22174
22184
22185
22190
22195
22196
22199
22204
22206
22211
22213
22214
22245
22250
22252
22255
22263
22288
22289
22293
22301
22310
22327
22330
22334
22341
22342
22347
22348
22349
22355
22357
22362
22368
22369
22370
22372
22377
22380
22383
22386
22392
22393
22394
22400
22401
22402
22403
22404
22405
22407
22409
22412
22415
22420
22428
22429
22436
22446
22448
22454
22470
22472
22474
22475
22476
22477
22502
22503
22522
22533
22542
22560
22562
22563
22565
22567
22568
22573
22574
22577
22578
22579
22587
22588
22589
22590
22603
22608
22618
22623
22625
22628
22634
22636
22640
22641
22644
22645
22646
22649
22650
22652
22661
22662
22666
22668
22674
22682
22684
22687
22689
22690
22691
22694
22696
22697
22699
22705
22706
22712
22714
22725
22733
22734
22738
22739
22743
22753
22760
22762
22767
22768
22769
22771
22773
22779
22782
22796
22798
22800
22802
22811
22814
22816
22817
22818
22825
22829
22834
22859
22862
22864
22868
22873
22885
22897
22898
22903
22917
22929
22930
22931
22957
22960
22971
22980
22987
22990
23015
23021
23028
23030
23031
23034
23045
23052
23057
23060
23070
23071
23072
23082
23116
23133
23136
23140
23143
23149
23160
23161
23162
23166
23174
23181
23216
23217
23222
23242
23250
23263
23270
23276
23278
23279
23301
23307
23310
23315
23316
23319
23320
23321
23322
23324
23325
23326
23327
23340
23341
23342
23344
23345
23347
23348
23349
23350
23352
23364
23372
23374
23375
23379
23380
23389
23391
23394
23396
23397
23398
23399
23401
23405
23406
23409
23410
23411
23412
23413
23418
23420
23423
23424
23427
23431
23435
23436
23437
23438
23439
23442
23443
23445
23456
23459
23462
23468
23470
23471
23474
23475
23478
23485
23486
23488
23494
23507
23508
23509
23518
23520
23522
23532
23536
23538
23543
23545
23553
23565
23571
23573
23584
23588
23591
23597
23598
23599
23600
23602
23605
23610
23611
23616
23617
23618
23619
23621
23622
23634
23645
23648
23650
23661
23665
23666
23667
23669
23674
23676
23680
23684
23685
23687
23688
23693
23694
23695
23723
23755
23756
23783
23789
23790
23792
23802
23803
23810
23815
23817
23826
23830
23831
23834
23838
23840
23843
23845
23846
23855
23856
23862
23868
23884
23887
23892
23893
23898
23899
23935
23939
23944
23946
23947
23959
23966
23967
23970
23979
23980
23982
23987
23989
23997
23998
24000
24016
24017
24018
24019
24020
24027
24030
24031
24032
24054
24062
24064
24067
24076
24077
24101
24104
24105
24114
24117
24121
24124
24134
24140
24155
24157
24161
24164
24166
24170
24174
24175
24176
24180
24182
24186
24192
24193
24194
24197
24198
24199
24200
24202
24208
24212
24214
24215
24218
24220
24221
24222
24226
24229
24230
24231
24246
24257
24262
24263
24278
24286
24287
24292
24303
24304
24307
24309
24310
24311
24314
24315
24316
24320
24327
24331
24337
24346
24347
24356
24368
24375
24376
24377
24379
24381
24384
24385
24386
24387
24388
24389
24391
24399
24401
24403
24405
24406
24410
24411
24420
24422
24433
24434
24435
24437
24444
24447
24451
24456
24458
24466
24467
24470
24475
24476
24482
24496
24503
24506
24509
24510
24511
24522
24523
24527
24529
24541
24543
24546
24547
24548
24551
24556
24557
24567
24569
24574
24582
24583
24586
24591
24594
24596
24600
24610
24612
24614
24619
24620
24627
24628
24630
24635
24640
24644
24661
24664
24674
24682
24690
24691
24692
24694
24701
24714
24723
24724
24725
24731
24732
24741
24742
24744
24745
24746
24755
24756
24760
24762
24764
24766
24768
24771
24772
24773
24774
24776
24781
24782
24791
24800
24809
24812
24815
24826
24828
24829
24830
24841
24848
24852
24855
24860
24864
24869
24872
24876
24880
24885
24886
24940
24941
24950
24953
24954
24955
24974
24987
24988
24989
24991
24998
25002
25026
25027
25048
25052
25056
25058
25066
25085
25090
25114
25119
25124
25132
25135
25136
25140
25141
25147
25154
25155
25156
25157
25161
25163
25165
25177
25178
25180
25188
25189
25193
25195
25196
25197
25203
25204
25205
25209
25210
25212
25214
25216
25220
25221
25224
25225
25226
25227
25229
25231
25235
25237
25238
25241
25242
25244
25245
25247
25249
25254
25264
25265
25272
25279
25280
25281
25282
25284
25285
25287
25289
25291
25299
25315
25318
25320
25321
25322
25327
25332
25334
25338
25355
25356
25359
25364
25367
25382
25385
25389
25393
25395
25398
25402
25406
25409
25411
25412
25414
25419
25425
25446
25450
25451
25452
25455
25461
25462
25472
25473
25477
25479
25488
25490
25491
25492
25495
25497
25498
25502
25508
25509
25511
25541
25553
25569
25570
25571
25595
25598
25607
25609
25612
25614
25615
25616
25624
25627
25629
25631
25634
25636
25637
25638
25640
25641
25642
25643
25646
25647
25648
25650
25653
25654
25657
25659
25660
25663
25666
25669
25671
25694
25699
25703
25704
25705
25707
25712
25720
25741
25760
25769
25773
25780
25784
25785
25787
25793
25797
25798
25807
25811
25812
25825
25834
25843
25846
25853
25857
25875
25878
25883
25885
25903
25909
25910
25912
25915
25917
25918
25921
25923
25934
25935
25937
25938
25953
25958
25962
25964
25969
25972
25973
25979
25990
25994
25995
25997
26004
26006
26008
26010
26011
26014
26015
26020
26026
26028
26030
26031
26032
26033
26034
26037
26039
26042
26048
26057
26063
26075
26086
26092
26093
26095
26098
26106
26107
26119
26124
26134
26135
26148
26151
26153
26157
26162
26163
26164
26167
26170
26175
26182
26186
26187
26189
26190
26191
26193
26195
26198
26199
26201
26205
26206
26208
26210
26215
26217
26218
26226
26227
26230
26241
26247
26249
26251
26253
26254
26256
26257
26264
26265
26267
26268
26271
26272
26273
26275
26280
26286
26288
26289
26290
26296
26300
26301
26302
26303
26308
26310
26322
26323
26324
26325
26326
26329
26338
26339
26342
26344
26347
26356
26357
26360
26361
26362
26365
26383
26384
26385
26388
26394
26397
26399
26401
26413
26414
26424
26426
26427
26428
26431
26433
26435
26441
26442
26444
26449
26452
26454
26459
26496
26507
26511
26530
26533
26535
26543
26545
26556
26557
26571
26582
26590
26604
26612
26613
26616
26622
26641
26642
26652
26658
26665
26669
26673
26677
26683
26686
26696
26699
26754
26761
26767
26768
26773
26779
26784
26789
26804
26807
26835
26857
26869
26878
26879
26890
26899
26904
26906
26923
26934
26938
26943
26946
26953
26954
26955
26966
26970
26971
26972
26973
26975
26976
26984
26987
26989
26990
26992
26993
27009
27016
27017
27018
27019
27022
27023
27025
27028
27029
27030
27034
27038
27039
27040
27043
27046
27047
27048
27051
27052
27056
27058
27059
27064
27065
27066
27068
27087
27088
27094
27095
27097
27098
27099
27101
27103
27105
27109
27120
27121
27129
27130
27131
27134
27135
27142
27146
27149
27174
27176
27181
27192
27196
27201
27203
27212
27215
27224
27225
27227
27228
27229
27232
27233
27235
27236
27246
27251
27262
27265
27272
27279
27287
27289
27291
27292
27294
27296
27302
27305
27306
27309
27310
27315
27316
27320
27322
27323
27329
27386
27392
27414
27419
27426
27427
27428
27433
27434
27443
27445
27448
27455
27459
27460
27461
27462
27463
27464
27465
27466
27474
27477
27481
27484
27512
27522
27523
27544
27566
27568
27574
27576
27589
27593
27594
27595
27596
27598
27605
27609
27621
27626
27632
27636
27642
27644
27646
27647
27648
27649
27694
27704
27705
27727
27735
27752
27753
27760
27776
27778
27780
27786
27789
27803
27804
27806
27810
27812
27815
27820
27822
27824
27827
27828
27829
27830
27831
27836
27839
27840
27841
27845
27846
27847
27848
27849
27850
27862
27867
27870
27883
27891
27892
27900
27907
27914
27920
27926
27927
27933
27935
27938
27944
27946
27963
27970
27974
27978
27981
27989
28004
28005
28006
28007
28012
28013
28014
28015
28017
28018
28022
28029
28037
28040
28041
28050
28052
28055
28061
28063
28067
28068
28076
28079
28080
28083
28086
28090
28091
28095
28097
28098
28103
28104
28108
28109
28110
28112
28114
28121
28123
28124
28127
28130
28137
28140
28141
28142
28147
28150
28154
28159
28160
28164
28167
28168
28171
28174
28175
28176
28177
28179
28180
28200
28201
28202
28210
28220
28230
28237
28238
28240
28241
28242
28247
28249
28255
28256
28258
28261
28267
28268
28280
28302
28304
28309
28311
28313
28318
28324
28325
28336
28342
28356
28359
28360
28361
28369
28370
28371
28373
28375
28390
28395
28400
28428
28453
28456
28469
28479
28483
28495
28500
28502
28512
28513
28542
28568
28569
28576
28578
28583
28585
28596
28597
28600
28604
28605
28615
28618
28619
28622
28624
28673
28675
28692
28699
28738
28747
28755
28757
28759
28766
28780
28782
28783
28784
28785
28786
28788
28789
28791
28792
28795
28798
28802
28807
28815
28816
28821
28822
28823
28829
28831
28832
28833
28836
28837
28838
28841
28842
28843
28844
28846
28847
28848
28849
28852
28853
28854
28859
28862
28865
28866
28867
28869
28872
28875
28879
28880
28886
28898
28906
28908
28910
28911
28912
28918
28919
28920
28927
28928
28936
28941
28943
28945
28948
28950
28951
28952
28954
28969
28980
28988
28990
28994
28995
28998
29006
29011
29015
29017
29019
29023
29025
29031
29033
29036
29037
29039
29046
29050
29053
29056
29060
29066
29075
29077
29089
29091
29093
29101
29104
29105
29107
29108
29110
29118
29119
29120
29121
29123
29125
29129
29130
29131
29136
29137
29139
29166
29176
29197
29199
29213
29232
29233
29235
29236
29238
29248
29250
29252
29254
29255
29257
29261
29262
29264
29266
29271
29276
29277
29278
29280
29281
29282
29289
29291
29304
29321
29326
29327
29336
29347
29360
29361
29378
29383
29387
29390
29399
29403
29405
29407
29408
29409
29412
29418
29425
29430
29435
29439
29446
29458
29459
29460
29461
29463
29474
29505
29508
29510
29531
29536
29541
29542
29546
29548
29549
29551
29553
29556
29564
29572
29586
29594
29595
29598
29599
29602
29603
29605
29610
29617
29624
29625
29626
29627
29633
29636
29640
29643
29644
29648
29651
29653
29654
29656
29657
29658
29659
29660
29662
29663
29670
29671
29673
29676
29677
29691
29711
29715
29726
29728
29730
29735
29744
29756
29758
29759
29762
29774
29778
29780
29785
29788
29792
29796
29800
29810
29815
29818
29819
29820
29823
29826
29829
29832
29843
29845
29846
29849
29853
29854
29855
29856
29860
29865
29872
29878
29882
29884
29892
29893
29895
29896
29900
29901
29904
29908
29918
29921
29922
29923
29924
29928
29930
29941
29943
29944
29946
29951
29953
29954
29962
29965
29968
29977
29988
29990
29993
29995
29998
30000
30014
30015
30016
30023
30034
30042
30043
30045
30054
30060
30061
30062
30063
30070
30072
30081
30116
30138
30159
30163
30171
30173
30175
30183
30184
30186
30187
30191
30206
30214
30227
30238
30255
30265
30266
30273
30279
30283
30284
30285
30290
30302
30310
30311
30312
30313
30314
30316
30324
30327
30382
30386
30396
30397
30398
30408
30430
30432
30433
30434
30435
30490
30498
30502
30506
30520
30526
30533
30555
30556
30558
30560
30561
30566
30578
30579
30582
30583
30584
30590
30591
30594
30596
30597
30599
30603
30604
30605
30607
30615
30616
30617
30622
30631
30636
30637
30645
30646
30647
30650
30655
30658
30665
30668
30669
30678
30679
30680
30681
30683
30684
30685
30687
30693
30696
30699
30700
30706
30712
30713
30722
30723
30724
30726
30730
30733
30734
30737
30738
30739
30743
30749
30750
30757
30762
30763
30764
30771
30774
30775
30783
30791
30794
30797
30825
30828
30829
30830
30833
30836
30843
30853
30855
30856
30861
30877
30879
30885
30891
30894
30898
30901
30907
30915
30917
30923
30924
30932
30935
30937
30941
30950
30952
30986
31007
31011
31025
31044
31058
31062
31066
31067
31068
31069
31070
31071
31078
31085
31087
31088
31090
31091
31092
31093
31094
31095
31101
31104
31105
31107
31108
31114
31137
31141
31145
31151
31153
31154
31155
31158
31175
31186
31195
31198
31200
31211
31212
31222
31223
31235
31239
31240
31241
31253
31254
31255
31256
31269
31270
31272
31274
31277
31283
31284
31320
31333
31343
31349
31354
31357
31363
31364
31365
31377
31379
31388
31393
31396
31400
31404
31406
31412
31413
31415
31417
31419
31420
31421
31424
31427
31432
31438
31439
31440
31442
31446
31447
31448
31450
31454
31463
31468
31469
31470
31471
31472
31473
31474
31475
31476
31479
31480
31481
31485
31487
31505
31509
31513
31518
31535
31539
31544
31547
31553
31560
31570
31573
31579
31585
31592
31593
31599
31600
31606
31608
31609
31629
31630
31631
31632
31640
31641
31642
31643
31644
31645
31647
31650
31651
31660
31665
31670
31674
31678
31687
31689
31690
31693
31695
31698
31702
31704
31706
31708
31710
31714
31719
31723
31725
31732
31736
31738
31740
31742
31744
31748
31750
31751
31752
31758
31759
31765
31771
31774
31776
31778
31779
31781
31782
31786
31787
31794
31797
31804
31805
31807
31810
31811
31812
31814
31828
31837
31849
31852
31856
31866
31868
31870
31871
31873
31875
31883
31884
31886
31891
31893
31894
31921
31930
31932
31934
31937
31949
31951
31952
31955
31980
31990
31994
31998
32001
32024
32027
32030
32042
32080
32081
32082
32084
32087
32095
32111
32122
32126
32127
32128
32135
32136
32139
32142
32162
32175
32196
32197
32198
32201
32204
32205
32209
32215
32243
32244
32245
32247
32249
32251
32252
32298
32301
32316
32334
32335
32341
32342
32357
32370
32374
32379
32380
32385
32390
32391
32392
32406
32409
32410
32411
32414
32417
32418
32419
32420
32423
32429
32431
32436
32441
32442
32444
32445
32449
32455
32458
32459
32460
32461
32464
32467
32468
32471
32472
32474
32477
32478
32480
32483
32489
32493
32494
32495
32497
32501
32507
32509
32510
32512
32521
32526
32527
32529
32531
32536
32538
32540
32542
32544
32546
32548
32551
32552
32555
32565
32571
32572
32573
32576
32583
32585
32588
32593
32594
32595
32602
32604
32605
32606
32611
32616
32622
32623
32628
32634
32639
32641
32643
32645
32647
32651
32656
32666
32669
32670
32671
32673
32675
32680
32681
32684
32685
32688
32715
32717
32729
32732
32735
32738
32741
32748
32753
32754
32759
32764
32765
32793
32821
32824
32825
32839
32850
32851
32864
32865
32876
32879
32880
32883
32885
32887
32889
32890
32892
32894
32896
32897
32899
32901
32902
32905
32919
32925
32926
32934
32945
32955
32963
32964
32967
32969
32995
33000
33007
33011
33014
33016
33025
33027
33029
33036
33037
33043
33045
33050
33052
33067
33068
33076
33088
33090
33091
33134
33136
33149
33150
33151
33162
33167
33173
33175
33177
33181
33187
33190
33196
33202
33214
33227
33231
33232
33236
33238
33239
33245
33246
33247
33252
33254
33261
33262
33263
33264
33266
33268
33272
33277
33281
33283
33284
33286
33287
33288
33289
33290
33293
33294
33295
33296
33297
33298
33300
33301
33311
33316
33323
33327
33330
33333
33341
33354
33357
33358
33363
33367
33369
33376
33380
33383
33390
33402
33407
33409
33415
33418
33420
33423
33424
33432
33435
33442
33443
33444
33446
33455
33456
33458
33459
33464
33477
33479
33482
33483
33484
33492
33496
33503
33506
33509
33522
33524
33527
33528
33529
33531
33532
33533
33535
33536
33539
33542
33545
33546
33548
33549
33557
33558
33562
33566
33569
33570
33572
33574
33577
33582
33587
33590
33592
33595
33597
33614
33618
33621
33625
33651
33652
33653
33663
33664
33667
33670
33675
33681
33682
33683
33684
33685
33686
33697
33700
33703
33708
33709
33746
33769
33772
33793
33794
33804
33808
33812
33815
33833
33835
33844
33850
33864
33869
33894
33900
33904
33906
33910
33930
33935
33936
33937
33939
33941
33946
33950
33952
33953
33955
33956
34009
34010
34011
34012
34017
34018
34019
34020
34023
34025
34027
34030
34038
34043
34057
34058
34060
34061
34064
34065
34066
34071
34101
34104
34115
34117
34120
34125
34134
34135
34149
34159
34167
34180
34186
34189
34193
34194
34199
34200
34205
34206
34211
34212
34223
34224
34225
34226
34227
34228
34231
34232
34233
34234
34236
34244
34246
34247
34257
34258
34259
34266
34271
34272
34273
34275
34276
34280
34281
34282
34284
34285
34286
34300
34307
34308
34309
34312
34315
34320
34321
34322
34331
34335
34341
34342
34344
34350
34352
34354
34355
34361
34363
34364
34369
34377
34379
34385
34387
34388
34390
34392
34398
34407
34408
34419
34435
34436
34438
34447
34448
34456
34457
34460
34463
34475
34480
34483
34484
34496
34499
34504
34508
34517
34522
34530
34531
34542
34543
34545
34549
34551
34552
34558
34565
34568
34571
34574
34578
34579
34626
34637
34638
34639
34653
34676
34677
34679
34683
34686
34690
34693
34697
34698
34699
34701
34710
34715
34718
34719
34720
34727
34732
34733
34747
34767
34768
34769
34770
34773
34781
34783
34806
34811
34814
34821
34827
34828
34830
34843
34849
34850
34851
34857
34861
34864
34865
34868
34894
34899
34900
34901
34902
34904
34907
34910
34915
34934
34944
34952
34960
34961
34964
34965
34975
34986
34991
35000
35033
35036
35037
35039
35040
35041
35044
35047
35050
35053
35059
35060
35061
35065
35066
35068
35069
35070
35071
35076
35077
35078
35080
35082
35085
35086
35092
35095
35100
35102
35103
35104
35105
35110
35114
35115
35119
35126
35130
35132
35139
35141
35148
35153
35163
35164
35168
35171
35172
35181
35192
35204
35206
35212
35223
35227
35235
35239
35242
35253
35255
35256
35259
35260
35262
35264
35265
35268
35272
35275
35283
35286
35287
35289
35291
35293
35296
35297
35299
35311
35314
35315
35317
35320
35323
35337
35338
35346
35350
35351
35353
35355
35356
35359
35364
35365
35366
35372
35373
35374
35387
35390
35392
35396
35397
35401
35408
35409
35410
35414
35416
35423
35425
35431
35435
35436
35454
35458
35469
35477
35482
35483
35494
35498
35499
35500
35501
35503
35505
35511
35513
35514
35528
35558
35560
35582
35591
35592
35601
35609
35615
35616
35617
35625
35644
35646
35647
35649
35650
35658
35683
35684
35710
35718
35721
35744
35745
35755
35756
35760
35766
35824
35831
35832
35833
35841
35860
35866
35873
35874
35892
35911
35931
35934
35935
35938
35949
36005
36006
36008
36011
36013
36016
36017
36020
36021
36026
36037
36039
36041
36047
36058
36059
36060
36061
36064
36071
36072
36074
36078
36079
36087
36088
36089
36090
36092
36094
36097
36099
36104
36111
36116
36121
36124
36133
36135
36136
36137
36141
36143
36154
36155
36158
36161
36164
36165
36166
36168
36170
36171
36176
36183
36191
36194
36201
36204
36206
36207
36211
36213
36217
36218
36220
36221
36222
36234
36238
36239
36244
36245
36253
36261
36262
36267
36270
36278
36279
36293
36294
36298
36306
36313
36330
36356
36358
36360
36366
36372
36373
36376
36387
36388
36390
36392
36393
36418
36449
36452
36456
36486
36493
36497
36500
36513
36514
36515
36522
36525
36530
36531
36532
36533
36540
36546
36547
36551
36572
36579
36587
36588
36589
36592
36597
36603
36613
36633
36637
36642
36644
36650
36653
36655
36664
36671
36675
36678
36681
36682
36685
36686
36689
36692
36696
36701
36708
36709
36711
36715
36716
36717
36718
36719
36720
36726
36728
36729
36762
36766
36770
36782
36786
36800
36802
36803
36810
36813
36814
36819
36838
36843
36847
36854
36856
36859
36861
36866
36867
36873
36875
36884
36885
36886
36887
36888
36891
36892
36895
36896
36900
36912
36916
36919
36921
36923
36924
36927
36931
36933
36934
36938
36950
36960
36961
36962
36967
36978
36979
36981
36984
36988
36989
36991
37003
37014
37019
37027
37029
37030
37038
37074
37078
37085
37092
37093
37107
37112
37113
37119
37125
37134
37137
37144
37146
37150
37152
37153
37157
37160
37161
37163
37166
37167
37170
37174
37177
37179
37180
37182
37185
37192
37194
37197
37199
37202
37204
37206
37210
37215
37220
37221
37222
37228
37237
37241
37246
37247
37249
37250
37251
37254
37256
37270
37271
37273
37276
37277
37278
37281
37289
37291
37295
37296
37307
37310
37312
37319
37321
37326
37327
37328
37332
37336
37340
37346
37367
37371
37374
37378
37379
37391
37392
37394
37395
37396
37406
37409
37414
37420
37425
37432
37436
37442
37461
37463
37474
37476
37481
37511
37524
37531
37532
37536
37539
37543
37546
37556
37562
37563
37566
37569
37570
37572
37578
37583
37584
37602
37638
37639
37645
37646
37648
37651
37653
37658
37659
37674
37686
37687
37688
37692
37693
37719
37723
37732
37747
37749
37759
37768
37802
37810
37811
37814
37816
37818
37821
37822
37823
37825
37827
37830
37834
37839
37841
37852
37854
37855
37856
37857
37859
37861
37862
37865
37870
37872
37873
37876
37878
37885
37886
37887
37888
37890
37893
37897
37901
37903
37909
37910
37911
37915
37935
37937
37939
37943
37945
37947
37948
37950
37951
37954
37955
37969
37975
37978
37979
37980
37982
37983
37984
37986
37988
37990
37992
37993
37995
37997
37998
38018
38019
38020
38030
38034
38035
38039
38048
38053
38064
38084
38085
38092
38093
38095
38096
38104
38107
38113
38121
38122
38128
38144
38148
38160
38163
38171
38174
38178
38184
38185
38195
38201
38202
38206
38207
38208
38209
38229
38236
38240
38253
38265
38269
38270
38299
38307
38318
38325
38326
38328
38332
38334
38336
38338
38339
38340
38341
38345
38347
38348
38349
38351
38357
38361
38362
38368
38377
38386
38401
38402
38403
38410
38411
38416
38417
38430
38431
38445
38446
38447
38451
38458
38461
38471
38477
38478
38483
38496
38497
38503
38504
38509
38527
38531
38540
38543
38577
38580
38615
38619
38621
38627
38642
38652
38657
38661
38662
38664
38673
38674
38675
38676
38677
38679
38681
38687
38689
38694
38697
38698
38702
38704
38705
38706
38707
38708
38709
38725
38726
38730
38731
38732
38736
38737
38739
38741
38743
38745
38747
38764
38767
38772
38775
38789
38790
38793
38799
38808
38824
38826
38832
38833
38835
38844
38851
38855
38866
38867
38868
38870
38885
38886
38887
38888
38890
38898
38899
38900
38911
38915
38921
38926
38938
38939
38941
38943
38945
38964
38965
38966
38967
38969
38971
38972
38973
38981
38988
38991
38994
38997
38998
38999
39000
39006
39008
39011
39013
39021
39025
39029
39036
39042
39043
39059
39060
39063
39065
39066
39081
39083
39085
39088
39094
39098
39112
39114
39119
39121
39124
39128
39130
39133
39139
39140
39141
39142
39144
39147
39150
39151
39159
39160
39162
39176
39188
39205
39208
39210
39220
39221
39231
39244
39246
39249
39250
39256
39257
39290
39302
39304
39337
39343
39346
39350
39356
39365
39367
39372
39376
39379
39382
39383
39384
39386
39393
39394
39398
39452
39460
39461
39462
39465
39468
39469
39471
39483
39487
39488
39499
39501
39503
39542
39554
39558
39560
39567
39577
39606
39624
39635
39636
39644
39648
39649
39662
39665
39669
39672
39673
39675
39677
39679
39681
39687
39689
39690
39699
39701
39705
39706
39709
39713
39714
39715
39716
39717
39721
39723
39726
39727
39733
39736
39744
39746
39749
39750
39751
39752
39755
39763
39764
39768
39773
39782
39783
39791
39792
39793
39794
39796
39798
39800
39801
39802
39804
39805
39806
39811
39812
39826
39829
39830
39836
39841
39842
39843
39866
39867
39871
39878
39891
39892
39893
39898
39899
39901
39903
39907
39916
39925
39940
39952
39953
39955
39967
39972
39975
39982
39988
39989
39990
39991
39994
40005
40015
40018
40019
40020
40021
40022
40038
40081
40096
40097
40113
40120
40122
40124
40130
40143
40146
40152
40153
40158
40159
40161
40171
40172
40175
40176
40182
40185
40192
40195
40202
40211
40213
40217
40218
40220
40224
40227
40256
40260
40261
40272
40273
40281
40285
40292
40299
40302
40304
40305
40308
40313
40321
40323
40334
40336
40337
40343
40345
40346
40354
40357
40401
40407
40429
40431
40442
40444
40455
40468
40474
40475
40476
40481
40483
40487
40493
40495
40503
40509
40516
40518
40523
40528
40534
40538
40539
40540
40541
40545
40546
40549
40551
40555
40556
40557
40574
40581
40583
40589
40591
40607
40609
40612
40613
40614
40626
40630
40631
40639
40648
40652
40654
40655
40656
40664
40667
40669
40674
40682
40700
40702
40704
40706
40711
40712
40713
40714
40717
40718
40720
40728
40735
40738
40739
40740
40748
40749
40750
40759
40760
40765
40768
40769
40771
40785
40787
40788
40789
40792
40795
40798
40805
40806
40808
40810
40817
40820
40821
40822
40823
40827
40829
40832
40833
40838
40847
40850
40852
40873
40874
40876
40877
40878
40881
40898
40899
40901
40908
40919
40926
40931
40933
40937
40942
40943
40945
40947
40953
40954
40956
40964
40965
40970
40978
40990
40999
41002
41020
41024
41036
41043
41045
41049
41058
41060
41063
41064
41066
41071
41078
41083
41090
41091
41120
41125
41152
41153
41157
41171
41181
41186
41190
41192
41194
41197
41198
41199
41202
41266
41267
41275
41276
41281
41283
41298
41302
41314
41317
41319
41321
41327
41350
41371
41376
41436
41438
41439
41445
41449
41450
41452
41460
41467
41475
41479
41480
41481
41484
41486
41488
41489
41490
41500
41502
41514
41518
41519
41520
41527
41529
41530
41531
41534
41535
41537
41539
41540
41541
41546
41550
41553
41559
41561
41563
41564
41565
41567
41568
41570
41571
41576
41577
41579
41580
41583
41587
41596
41597
41598
41604
41606
41611
41614
41615
41616
41618
41619
41621
41623
41632
41635
41643
41644
41646
41647
41648
41653
41656
41657
41660
41661
41677
41680
41681
41710
41712
41713
41716
41725
41728
41734
41737
41738
41739
41740
41751
41759
41760
41767
41769
41770
41774
41775
41777
41787
41796
41799
41804
41808
41814
41827
41829
41834
41835
41836
41840
41843
41850
41896
41908
41922
41934
41938
41940
41941
41942
41952
41954
41964
41966
41969
41970
41975
41976
41977
41979
41982
41984
41986
41989
41993
41994
42004
42008
42027
42028
42031
42033
42034
42038
42039
42054
42062
42074
42079
42083
42094
42098
42099
42106
42107
42116
42119
42122
42124
42132
42137
42144
42148
42150
42157
42159
42161
42168
42171
42204
42206
42207
42208
42216
42220
42229
42235
42237
42245
42247
42248
42250
42253
42256
42263
42280
42281
42285
42287
42289
42295
42296
42297
42299
42306
42308
42313
42316
42322
42324
42325
42326
42328
42329
42332
42337
42338
42342
42354
42355
42357
42358
42359
42360
42373
42379
42382
42388
42389
42392
42393
42395
42396
42400
42403
42410
42414
42424
42428
42437
42445
42447
42460
42471
42483
42486
42489
42490
42496
42510
42513
42516
42518
42519
42524
42525
42526
42528
42535
42539
42542
42549
42554
42559
42562
42564
42571
42579
42581
42583
42594
42602
42603
42606
42607
42612
42617
42619
42620
42625
42627
42631
42634
42641
42646
42651
42652
42657
42658
42661
42662
42663
42665
42668
42670
42671
42686
42687
42689
42691
42695
42712
42713
42714
42716
42723
42733
42735
42740
42750
42754
42757
42758
42761
42767
42768
42769
42775
42783
42789
42804
42814
42820
42824
42828
42830
42837
42857
42861
42864
42872
42874
42877
42884
42885
42891
42892
42896
42903
42908
42922
42939
42941
42966
42971
42972
42974
42978
42990
42995
42998
43000
43010
43011
43012
43016
43017
43018
43026
43030
43065
43075
43089
43094
43097
43108
43129
43131
43165
43184
43185
43191
43195
43196
43202
43204
43209
43215
43250
43252
43255
43263
43274
43276
43278
43281
43282
43295
43297
43298
43300
43301
43302
43303
43307
43314
43316
43317
43320
43326
43329
43330
43332
43335
43339
43343
43344
43347
43348
43349
43350
43353
43354
43355
43360
43361
43368
43371
43375
43377
43379
43381
43382
43384
43385
43391
43392
43393
43397
43401
43403
43412
43417
43418
43422
43424
43425
43427
43428
43429
43431
43433
43439
43455
43457
43458
43462
43467
43471
43474
43475
43476
43479
43481
43488
43490
43494
43499
43503
43505
43510
43526
43529
43530
43534
43538
43540
43543
43549
43551
43553
43574
43594
43608
43614
43615
43620
43621
43626
43634
43636
43639
43647
43674
43693
43703
43705
43706
43721
43739
43747
43748
43752
43755
43759
43761
43767
43769
43770
43779
43782
43784
43788
43792
43796
43797
43802
43806
43807
43818
43822
43847
43858
43867
43880
43888
43897
43901
43907
43915
43917
43920
43927
43931
43933
43935
43940
43945
43948
43950
43954
43963
43964
43970
43972
43976
43979
43984
44015
44021
44033
44043
44046
44052
44061
44062
44068
44073
44074
44085
44101
44107
44109
44110
44120
44121
44122
44129
44133
44134
44135
44138
44139
44140
44143
44144
44145
44146
44147
44148
44151
44154
44155
44157
44161
44162
44167
44170
44171
44172
44173
44176
44177
44186
44202
44208
44210
44216
44228
44237
44241
44250
44253
44268
44271
44273
44275
44281
44290
44293
44299
44303
44305
44307
44321
44334
44339
44341
44351
44356
44362
44363
44364
44365
44366
44375
44379
44380
44387
44388
44389
44392
44407
44414
44415
44419
44422
44432
44433
44435
44443
44444
44445
44447
44455
44456
44458
44464
44475
44483
44484
44485
44496
44498
44501
44504
44505
44508
44525
44526
44530
44533
44535
44538
44539
44546
44549
44563
44564
44571
44574
44577
44581
44582
44583
44585
44587
44592
44595
44596
44617
44629
44631
44634
44636
44648
44649
44650
44654
44663
44674
44680
44686
44687
44690
44691
44695
44698
44709
44718
44719
44727
44754
44765
44784
44791
44805
44822
44825
44826
44830
44838
44841
44892
44893
44894
44895
44901
44903
44907
44908
44912
44927
44929
44941
44943
44944
44946
44947
44948
44987
44989
44999
45002
45009
45013
45021
45057
45062
45068
45071
45072
45073
45076
45077
45082
45083
45089
45094
45095
45100
45107
45110
45111
45112
45114
45120
45124
45127
45131
45132
45136
45140
45141
45142
45145
45146
45147
45152
45156
45157
45162
45164
45165
45167
45173
45183
45186
45188
45192
45195
45197
45199
45203
45204
45205
45213
45214
45231
45233
45234
45235
45240
45242
45247
45252
45262
45267
45268
45269
45270
45271
45273
45275
45277
45285
45293
45307
45308
45313
45319
45321
45333
45335
45338
45339
45340
45347
45353
45355
45361
45366
45370
45372
45376
45377
45393
45401
45420
45421
45425
45428
45431
45433
45446
45447
45449
45455
45459
45460
45462
45504
45519
45521
45536
45537
45553
45556
45559
45560
45570
45572
45574
45576
45578
45582
45583
45584
45586
45587
45588
45589
45591
45592
45595
45599
45601
45602
45604
45605
45610
45615
45620
45631
45634
45642
45647
45650
45651
45652
45657
45662
45668
45673
45687
45701
45710
45711
45713
45715
45717
45718
45721
45728
45740
45744
45748
45757
45758
45763
45764
45768
45776
45783
45785
45793
45794
45828
45829
45834
45836
45842
45843
45856
45860
45869
45871
45874
45881
45898
45911
45913
45914
45915
45924
45931
45932
45933
45934
45941
45943
45947
45949
45950
45952
45953
45958
45959
45963
45967
45968
45970
45975
45977
45980
45982
45983
45984
45986
45990
45992
45997
45998
45999
46010
46021
46022
46023
46032
46043
46045
46049
46053
46056
46057
46062
46063
46075
46080
46082
46091
46104
46121
46122
46124
46139
46142
46150
46151
46152
46154
46161
46177
46180
46192
46193
46195
46197
46198
46199
46201
46202
46220
46225
46227
46228
46232
46234
46235
46242
46245
46246
46247
46248
46256
46258
46260
46265
46267
46268
46270
46271
46273
46276
46278
46284
46288
46291
46293
46295
46296
46298
46306
46312
46314
46316
46318
46320
46321
46322
46338
46348
46349
46352
46359
46366
46374
46376
46377
46380
46382
46383
46387
46393
46398
46409
46411
46442
46447
46451
46462
46467
46476
46483
46488
46490
46492
46498
46504
46508
46510
46511
46512
46527
46535
46536
46542
46566
46570
46575
46592
46597
46598
46600
46601
46609
46617
46625
46637
46638
46639
46654
46706
46708
46715
46716
46717
46722
46726
46738
46741
46742
46753
46756
46757
46811
46812
46821
46826
46830
46840
46861
46878
46889
46890
46892
46897
46898
46903
46906
46919
46920
46921
46922
46923
46924
46927
46933
46940
46941
46942
46944
46949
46954
46955
46959
46960
46969
46970
46971
46973
46975
46977
46979
46980
46981
46983
46986
47001
47006
47008
47010
47011
47017
47022
47025
47027
47035
47037
47038
47046
47050
47052
47054
47055
47057
47058
47065
47075
47080
47082
47085
47088
47090
47096
47097
47098
47099
47100
47101
47104
47107
47120
47134
47142
47152
47153
47155
47166
47179
47182
47189
47197
47198
47206
47229
47230
47239
47240
47241
47243
47245
47251
47263
47271
47272
47273
47331
47332
47336
47337
47347
47348
47349
47371
47373
47378
47379
47387
47389
47391
47397
47404
47409
47412
47413
47414
47418
47423
47425
47427
47432
47434
47447
47455
47459
47460
47468
47470
47472
47477
47482
47493
47499
47506
47511
47515
47522
47525
47528
47531
47541
47545
47546
47552
47561
47566
47568
47570
47573
47576
47577
47583
47585
47596
47598
47600
47601
47607
47647
47656
47659
47661
47675
47676
47684
47686
47687
47696
47698
47700
47704
47720
47729
47735
47736
47739
47742
47743
47744
47746
47749
47754
47755
47759
47761
47763
47771
47772
47774
47776
47779
47781
47787
47788
47792
47796
47797
47798
47799
47802
47820
47858
47860
47861
47864
47865
47866
47893
47900
47901
47922
47927
47932
47939
47943
47951
47955
47959
47962
47963
47965
47974
47978
47981
47988
47990
47992
47993
47994
47996
48001
48005
48008
48009
48012
48014
48015
48017
48018
48024
48033
48036
48038
48047
48048
48051
48058
48063
48064
48065
48071
48075
48078
48081
48083
48088
48095
48096
48097
48103
48109
48119
48120
48122
48124
48128
48130
48149
48150
48151
48153
48159
48162
48172
48175
48188
48191
48200
48205
48206
48208
48212
48213
48214
48217
48222
48255
48261
48263
48275
48282
48302
48306
48311
48317
48318
48322
48323
48324
48330
48340
48348
48359
48379
48405
48409
48410
48411
48413
48434
48438
48440
48449
48450
48452
48456
48460
48467
48469
48470
48492
48519
48521
48526
48528
48530
48531
48536
48538
48541
48545
48551
48552
48566
48567
48570
48572
48573
48596
48603
48624
48633
48653
48663
48690
48701
48702
48703
48711
48716
48720
48721
48733
48734
48735
48736
48737
48740
48741
48744
48754
48755
48756
48759
48766
48771
48773
48781
48782
48783
48784
48788
48790
48791
48792
48793
48796
48802
48803
48805
48808
48812
48817
48821
48823
48824
48830
48831
48836
48838
48850
48851
48855
48861
48863
48865
48872
48873
48878
48893
48896
48899
48901
48902
48903
48911
48912
48916
48917
48923
48933
48939
48943
48949
48965
48966
48979
48990
48992
48993
48994
49008
49010
49011
49012
49021
49037
49039
49043
49054
49060
49061
49064
49066
49068
49070
49072
49076
49078
49082
49086
49143
49144
49145
49147
49179
49184
49186
49192
49200
49204
49209
49213
49215
49217
49220
49225
49226
49227
49228
49230
49231
49236
49237
49244
49271
49275
49277
49280
49286
49287
49289
49302
49327
49331
49336
49337
49340
49344
49351
49358
49362
49368
49369
49373
49375
49379
49381
49383
49385
49389
49398
49409
49411
49418
49421
49424
49454
49460
49468
49469
49482
49497
49500
49523
49536
49538
49540
49541
49542
49548
49549
49550
49553
49567
49569
49573
49576
49577
49578
49580
49581
49582
49583
49584
49585
49587
49589
49594
49598
49605
49606
49609
49610
49611
49612
49613
49623
49636
49640
49643
49647
49649
49671
49673
49676
49680
49684
49685
49691
49699
49703
49712
49721
49723
49725
49730
49742
49743
49744
49752
49760
49765
49770
49778
49780
49791
49794
49801
49803
49804
49806
49823
49824
49826
49828
49836
49846
49849
49850
49853
49854
49861
49867
49868
49871
49872
49873
49877
49879
49883
49884
49886
49888
49892
49893
49895
49897
49902
49903
49909
49912
49914
49916
49919
49922
49941
49962
49963
49964
49966
49967
49970
49974
49975
49988
49995
50003
50006
50008
50009
50013
50021
50023
50026
50027
50030
50031
50035
50056
50065
50068
50072
50073
50075
50088
50109
50113
50115
50121
50124
50130
50132
50136
50137
50155
50187
50199
50218
50223
50224
50225
50242
50243
50252
50260
50266
50268
50272
50273
50280
50332
50334
50335
50341
50343
50345
50348
50349
50350
50358
50367
50379
50386
50404
50407
50433
50440
50458
50459
50465
50471
50505
50510
50515
50516
50521
50523
50526
50528
50529
50531
50540
50546
50547
50550
50551
50552
50553
50555
50566
50567
50568
50578
50580
50581
50582
50584
50586
50595
50596
50599
50602
50603
50604
50606
50611
50612
50616
50618
50619
50625
50626
50629
50630
50633
50636
50638
50639
50641
50642
50643
50644
50645
50646
50651
50653
50656
50658
50661
50665
50666
50670
50672
50674
50676
50677
50679
50685
50686
50687
50691
50706
50708
50712
50713
50714
50716
50717
50723
50725
50726
50727
50746
50755
50762
50776
50777
50779
50782
50789
50791
50792
50796
50801
50803
50804
50811
50817
50829
50834
50848
50851
50853
50854
50856
50859
50860
50862
50865
50866
50867
50871
50873
50874
50878
50886
50889
50891
50897
50899
50922
50949
50962
50999
51002
51003
51005
51011
51013
51019
51022
51028
51030
51031
51033
51034
51036
51038
51039
51040
51041
51043
51044
51045
51048
51049
51050
51052
51054
51073
51076
51088
51090
51093
51095
51096
51099
51100
51123
51135
51140
51143
51144
51146
51151
51152
51153
51157
51161
51168
51170
51171
51172
51187
51189
51192
51196
51202
51204
51211
51213
51216
51217
51220
51221
51223
51224
51225
51226
51228
51231
51232
51235
51267
51271
51282
51295
51301
51313
51322
51345
51349
51354
51355
51361
51368
51369
51371
51377
51382
51385
51386
51388
51389
51390
51391
51392
51393
51394
51395
51396
51397
51400
51401
51413
51416
51422
51424
51425
51428
51436
51439
51442
51451
51460
51461
51466
51473
51488
51491
51497
51498
51505
51515
51520
51529
51530
51538
51543
51552
51555
51559
51561
51562
51563
51566
51577
51581
51584
51585
51587
51591
51593
51608
51610
51611
51614
51617
51618
51624
51635
51637
51638
51640
51641
51643
51648
51650
51651
51658
51659
51664
51671
51673
51674
51684
51685
51689
51693
51694
51695
51696
51699
51706
51707
51714
51716
51721
51724
51726
51727
51729
51735
51736
51744
51750
51752
51753
51754
51757
51760
51775
51777
51778
51782
51783
51786
51800
51801
51814
51816
51820
51826
51829
51832
51834
51839
51840
51844
51848
51874
51882
51890
51900
51916
51922
51923
51929
51936
51937
51943
51946
51949
51950
51951
51955
51961
51966
51968
51970
51971
51977
51999
52000
52005
52012
52025
52030
52031
52036
52037
52039
52059
52063
52065
52076
52081
52086
52088
52093
52095
52145
52146
52149
52152
52157
52159
52234
52237
52250
52292
52313
52314
52317
52318
52319
52323
52325
52326
52332
52338
52339
52341
52344
52347
52351
52353
52357
52359
52360
52362
52365
52367
52370
52378
52379
52380
52385
52392
52395
52399
52401
52407
52408
52409
52415
52416
52417
52420
52425
52426
52432
52439
52442
52443
52446
52449
52450
52451
52455
52456
52457
52458
52463
52464
52465
52477
52485
52487
52489
52490
52492
52493
52494
52496
52498
52500
52504
52519
52529
52530
52531
52536
52540
52542
52543
52559
52571
52583
52602
52604
52616
52617
52624
52645
52663
52664
52670
52672
52676
52677
52680
52681
52692
52693
52695
52697
52702
52705
52706
52709
52714
52715
52772
52773
52778
52780
52799
52809
52810
52812
52814
52816
52820
52821
52824
52830
52831
52833
52834
52835
52841
52843
52844
52846
52847
52848
52849
52851
52852
52853
52854
52855
52856
52857
52860
52866
52869
52876
52884
52885
52892
52902
52903
52929
52953
52962
52965
52970
52984
52985
53000
53005
53006
53009
53020
53037
53038
53039
53050
53083
53094
53099
53111
53119
53120
53121
53124
53131
53133
53134
53135
53150
53158
53162
53168
53172
53185
53201
53202
53203
53205
53207
53210
53211
53213
53219
53224
53231
53235
53237
53243
53247
53249
53266
53275
53279
53285
53286
53293
53295
53299
53305
53311
53315
53331
53339
53349
53350
53352
53354
53359
53361
53364
53367
53369
53371
53372
53374
53376
53378
53380
53391
53392
53393
53394
53397
53400
53401
53402
53404
53405
53420
53421
53429
53438
53448
53450
53451
53452
53453
53458
53461
53471
53472
53476
53477
53480
53484
53485
53487
53489
53494
53497
53498
53499
53503
53506
53507
53508
53509
53510
53512
53513
53514
53519
53525
53528
53530
53536
53541
53542
53544
53547
53548
53549
53551
53557
53559
53563
53565
53566
53570
53589
53590
53595
53600
53602
53605
53614
53619
53626
53627
53629
53631
53633
53639
53646
53647
53652
53654
53655
53656
53659
53661
53710
53713
53718
53731
53732
53739
53741
53745
53752
53756
53759
53762
53764
53769
53779
53781
53783
53791
53808
53809
53813
53842
53844
53849
53869
53878
53884
53889
53895
53897
53898
53899
53907
53958
53969
53970
53971
53978
53979
54006
54044
54047
54068
54073
54079
54089
54102
54108
54112
54124
54127
54130
54131
54136
54141
54148
54150
54154
54155
54159
54166
54173
54175
54176
54179
54180
54183
54190
54192
54193
54198
54204
54208
54210
54212
54213
54221
54222
54225
54227
54228
54229
54230
54232
54233
54235
54242
54244
54247
54248
54250
54251
54252
54255
54256
54260
54262
54263
54264
54266
54268
54269
54270
54272
54274
54277
54278
54279
54289
54290
54298
54299
54300
54301
54306
54307
54308
54309
54311
54314
54317
54327
54332
54337
54338
54340
54342
54347
54349
54351
54352
54353
54355
54358
54381
54383
54384
54401
54402
54404
54414
54428
54434
54437
54454
54465
54466
54469
54476
54478
54480
54482
54486
54490
54493
54495
54499
54501
54503
54505
54510
54511
54515
54525
54526
54529
54551
54560
54565
54569
54585
54586
54599
54617
54619
54625
54633
54634
54637
54640
54643
54646
54647
54656
54657
54659
54660
54661
54662
54663
54664
54665
54666
54667
54668
54669
54670
54686
54701
54713
54714
54726
54743
54745
54749
54766
54770
54772
54780
54783
54791
54793
54795
54797
54802
54807
54809
54813
54815
54819
54822
54831
54837
54841
54847
54850
54851
54853
54856
54894
54896
54897
54899
54907
54908
54917
54927
54932
54935
54939
54946
54947
54959
54971
54975
54977
54979
54981
54983
54989
54992
54993
54997
54998
55008
55016
55020
55023
55027
55028
55033
55037
55043
55044
55045
55047
55048
55050
55051
55054
55056
55076
55079
55088
55091
55102
55112
55114
55116
55121
55122
55138
55140
55148
55152
55156
55167
55169
55170
55182
55184
55187
55191
55198
55204
55207
55215
55217
55218
55219
55221
55226
55233
55234
55237
55242
55243
55244
55252
55260
55263
55264
55267
55268
55269
55271
55274
55284
55285
55286
55289
55293
55294
55302
55310
55317
55318
55319
55320
55321
55325
55326
55327
55332
55333
55334
55339
55341
55347
55348
55353
55355
55362
55367
55370
55378
55380
55402
55408
55409
55411
55414
55418
55431
55439
55442
55445
55459
55460
55462
55467
55468
55474
55480
55506
55511
55517
55523
55527
55533
55538
55541
55552
55562
55563
55575
55587
55590
55594
55604
55607
55619
55622
55626
55633
55644
55645
55657
55665
55680
55682
55686
55690
55695
55708
55710
55711
55712
55778
55779
55785
55788
55791
55818
55865
55872
55873
55875
55876
55879
55885
55886
55895
55896
55901
55919
55941
55943
55944
55948
55951
55954
55956
55958
55962
55980
55985
55987
55988
55989
55992
55993
55994
55996
56005
56006
56010
56020
56021
56023
56025
56026
56028
56034
56035
56038
56040
56044
56046
56050
56051
56055
56057
56059
56064
56068
56069
56071
56072
56075
56080
56081
56082
56089
56090
56091
56092
56102
56103
56109
56110
56111
56112
56113
56117
56119
56124
56125
56126
56127
56129
56130
56145
56146
56147
56152
56155
56164
56185
56186
56190
56191
56200
56214
56215
56217
56218
56220
56221
56222
56240
56241
56253
56256
56258
56265
56271
56274
56277
56278
56293
56294
56295
56303
56304
56306
56307
56308
56320
56323
56324
56336
56363
56367
56385
56391
56396
56398
56399
56400
56402
56412
56425
56431
56433
56437
56438
56441
56442
56446
56447
56449
56452
56455
56459
56460
56461
56463
56467
56469
56477
56478
56479
56480
56481
56483
56508
56514
56525
56527
56528
56529
56532
56537
56539
56541
56566
56571
56572
56576
56579
56583
56588
56596
56603
56604
56610
56611
56614
56622
56626
56632
56636
56639
56641
56647
56649
56654
56663
56670
56709
56720
56722
56724
56730
56744
56747
56748
56752
56756
56760
56761
56762
56766
56773
56781
56788
56789
56793
56794
56795
56801
56805
56806
56809
56811
56814
56818
56819
56827
56829
56830
56834
56837
56840
56841
56846
56850
56852
56854
56856
56857
56858
56860
56861
56862
56863
56864
56866
56867
56868
56878
56881
56883
56889
56892
56901
56912
56927
56929
56931
56954
56955
56957
56959
56962
56963
56965
56979
56983
56985
56986
56999
57002
57012
57019
57020
57021
57022
57025
57027
57028
57030
57033
57034
57043
57047
57054
57070
57073
57075
57077
57080
57082
57095
57102
57103
57106
57109
57110
57111
57112
57116
57123
57124
57125
57126
57129
57130
57131
57132
57134
57135
57136
57138
57139
57146
57147
57148
57152
57153
57154
57155
57159
57161
57162
57166
57168
57172
57174
57189
57191
57199
57215
57216
57219
57224
57225
57228
57243
57244
57252
57253
57255
57256
57257
57258
57264
57265
57272
57275
57276
57278
57280
57281
57282
57287
57307
57310
57316
57319
57326
57329
57330
57341
57348
57362
57370
57382
57388
57389
57390
57395
57399
57405
57406
57407
57417
57429
57478
57482
57485
57487
57495
57508
57515
57522
57523
57525
57528
57559
57574
57584
57588
57589
57591
57592
57596
57599
57601
57604
57606
57617
57632
57641
57658
57685
57686
57689
57693
57699
57707
57757
57758
57764
57765
57767
57769
57771
57776
57778
57781
57784
57793
57797
57798
57800
57801
57802
57804
57805
57809
57810
57831
57834
57836
57838
57839
57845
57848
57851
57852
57853
57854
57855
57856
57859
57860
57861
57863
57874
57875
57879
57881
57882
57884
57885
57888
57889
57890
57893
57895
57896
57898
57900
57902
57903
57905
57915
57920
57921
57922
57924
57925
57931
57932
57933
57937
57939
57940
57942
57943
57955
57958
57964
57968
57969
57975
57977
57979
57982
57985
57988
57998
57999
58024
58027
58028
58033
58035
